832,2014-04-06T20:21:58.444Z,214717095,0
832,2014-04-06T20:21:59.677Z,214717095,0
833,2014-04-02T17:51:21.363Z,214826803,0
833,2014-04-02T17:51:44.743Z,214821285,0
833,2014-04-02T18:03:39.975Z,214826897,0
833,2014-04-02T18:05:21.379Z,214826801,0
838,2014-04-01T18:18:04.054Z,214601040,0
838,2014-04-01T18:18:42.020Z,214601040,0
838,2014-04-01T18:19:10.989Z,214601040,0
838,2014-04-01T18:19:16.631Z,214601042,0
839,2014-04-07T20:00:19.150Z,214702907,0
839,2014-04-07T20:02:25.507Z,214718158,0
839,2014-04-07T20:04:58.190Z,214701309,0
836,2014-04-05T05:32:04.411Z,214832655,0
836,2014-04-05T05:33:44.536Z,214832655,0
836,2014-04-05T05:36:53.214Z,214716984,0
836,2014-04-05T05:40:14.812Z,214717007,0
837,2014-04-04T18:57:06.964Z,214645618,0
837,2014-04-04T18:58:12.292Z,214574777,0
842,2014-04-02T15:49:03.264Z,214532070,0
842,2014-04-02T15:50:58.378Z,214684385,0
842,2014-04-02T15:52:43.151Z,214552089,0
843,2014-04-07T19:44:05.544Z,214716971,0
843,2014-04-07T19:45:35.129Z,214716941,0
841,2014-04-01T09:52:53.582Z,214716930,0
841,2014-04-01T09:53:07.691Z,214716930,0
841,2014-04-01T09:53:24.945Z,214716930,0
841,2014-04-01T09:54:30.997Z,214716935,0
841,2014-04-01T09:54:59.510Z,214832653,0
841,2014-04-01T09:56:42.657Z,214832655,0
841,2014-04-01T09:57:23.046Z,214832653,0
841,2014-04-01T09:58:41.773Z,214832653,0
846,2014-04-03T07:43:40.178Z,214748336,0
846,2014-04-03T07:44:39.259Z,214821377,0
847,2014-04-03T15:06:54.663Z,214718220,0
847,2014-04-03T15:07:06.168Z,214821017,0
844,2014-04-05T18:06:45.114Z,214709685,0
844,2014-04-05T18:06:47.025Z,214709685,0
844,2014-04-05T18:09:04.954Z,214820240,0
844,2014-04-05T18:09:06.376Z,214820240,0
844,2014-04-05T18:10:56.401Z,214706441,0
844,2014-04-05T18:10:57.942Z,214706441,0
956,2014-04-06T09:56:29.662Z,214748265,0
956,2014-04-06T09:57:27.114Z,214549346,0
956,2014-04-06T09:58:12.847Z,214553578,0
956,2014-04-06T09:58:15.382Z,214553578,0
956,2014-04-06T09:58:47.717Z,214549346,0
956,2014-04-06T09:59:04.846Z,214708035,0
956,2014-04-06T10:02:50.084Z,214708035,0
956,2014-04-06T10:05:36.163Z,214821309,0
956,2014-04-06T10:05:38.848Z,214821309,0
956,2014-04-06T10:08:10.387Z,214551617,0
956,2014-04-06T10:13:12.953Z,214821309,0
956,2014-04-06T10:13:15.481Z,214821309,0
957,2014-04-02T20:45:25.984Z,214821037,0
957,2014-04-02T20:47:18.354Z,214539262,0
957,2014-04-02T20:47:19.218Z,214539262,0
958,2014-04-01T03:24:38.436Z,214586825,0
958,2014-04-01T03:24:38.682Z,214613638,0
959,2014-04-04T16:36:14.933Z,214821373,0
959,2014-04-04T16:36:16.199Z,214821373,0
959,2014-04-04T16:37:52.024Z,214821373,0
959,2014-04-04T16:43:43.608Z,214748287,0
959,2014-04-04T16:48:43.948Z,214821373,0
959,2014-04-04T16:48:44.987Z,214821373,0
959,2014-04-04T16:49:16.601Z,214821373,0
959,2014-04-04T16:49:17.670Z,214821373,0
959,2014-04-04T16:55:54.544Z,214577302,0
959,2014-04-04T17:08:30.125Z,214577302,0
959,2014-04-04T17:30:49.756Z,214642560,0
959,2014-04-04T17:32:09.328Z,214642560,0
952,2014-04-05T21:56:21.695Z,214843395,0
952,2014-04-05T22:04:12.770Z,214839643,0
953,2014-04-06T12:48:32.244Z,214702702,0
953,2014-04-06T12:50:00.357Z,214601424,0
954,2014-04-05T13:40:43.294Z,214827020,0
954,2014-04-05T13:43:29.273Z,214827020,0
954,2014-04-05T13:47:26.852Z,214821272,0
954,2014-04-05T13:52:55.017Z,214821272,0
954,2014-04-05T13:54:25.261Z,214821272,0
954,2014-04-05T13:54:59.958Z,214821272,0
954,2014-04-05T13:55:12.733Z,214827030,0
954,2014-04-05T13:56:13.845Z,214827030,0
948,2014-04-06T11:25:47.476Z,214826955,0
948,2014-04-06T11:34:47.732Z,214574777,0
949,2014-04-03T18:58:04.755Z,214820441,0
949,2014-04-03T18:58:38.738Z,214586692,0
949,2014-04-03T18:59:05.308Z,214829741,0
949,2014-04-03T18:59:55.440Z,214820842,0
949,2014-04-03T19:00:12.557Z,214820842,0
951,2014-04-07T11:23:29.433Z,214826925,0
951,2014-04-07T11:23:31.965Z,214826925,0
951,2014-04-07T11:25:16.962Z,214826925,0
951,2014-04-07T11:26:35.283Z,214826837,0
951,2014-04-07T11:26:36.930Z,214826837,0
944,2014-04-01T16:58:59.973Z,214582952,0
944,2014-04-01T17:00:38.443Z,214582952,0
946,2014-04-02T14:16:49.929Z,214826874,0
947,2014-04-03T13:35:27.797Z,214826953,0
941,2014-04-02T18:25:29.389Z,214572182,0
941,2014-04-02T18:27:08.628Z,214572234,0
941,2014-04-02T18:27:56.720Z,214821017,0
941,2014-04-02T18:28:28.869Z,214819547,0
941,2014-04-02T18:29:16.843Z,214821015,0
941,2014-04-02T18:30:19.990Z,214718167,0
941,2014-04-02T18:31:07.548Z,214821020,0
941,2014-04-02T18:32:22.002Z,214819550,0
943,2014-04-01T16:43:42.956Z,214644320,0
943,2014-04-01T16:46:58.537Z,214644320,0
942,2014-04-03T08:18:06.426Z,214511334,0
942,2014-04-03T08:24:25.785Z,214821343,0
942,2014-04-03T08:25:59.972Z,214511334,0
942,2014-04-03T08:26:04.754Z,214821343,0
942,2014-04-03T08:34:26.470Z,214800266,0
942,2014-04-03T08:35:35.705Z,214511334,0
937,2014-04-02T17:44:49.417Z,214841006,0
937,2014-04-02T17:45:02.533Z,214841006,0
936,2014-04-05T17:11:44.956Z,214826705,0
936,2014-04-05T17:12:04.286Z,214826705,0
936,2014-04-05T17:12:27.977Z,214826705,0
939,2014-04-06T16:16:05.628Z,214837487,0
939,2014-04-06T16:16:19.540Z,214837490,0
939,2014-04-06T16:16:51.773Z,214837483,0
939,2014-04-06T16:17:06.848Z,214837485,0
939,2014-04-06T16:18:37.822Z,214717007,0
938,2014-04-02T15:53:30.541Z,214718246,0
938,2014-04-02T15:54:46.042Z,214711290,0
933,2014-04-01T19:36:22.045Z,214596502,0
933,2014-04-01T19:37:13.126Z,214596326,0
932,2014-04-04T13:37:35.889Z,214826906,0
932,2014-04-04T13:38:45.913Z,214826906,0
932,2014-04-04T13:39:58.631Z,214826906,0
932,2014-04-04T13:40:45.065Z,214826955,0
932,2014-04-04T13:42:38.809Z,214826955,0
932,2014-04-04T13:42:49.461Z,214826627,0
932,2014-04-04T13:43:21.765Z,214826627,0
932,2014-04-04T13:45:06.665Z,214800262,0
932,2014-04-04T13:48:38.139Z,214709741,0
932,2014-04-04T13:49:43.501Z,214709741,0
932,2014-04-04T13:58:57.408Z,214819738,0
932,2014-04-04T13:59:50.070Z,214819738,0
932,2014-04-04T14:00:07.207Z,214819738,0
934,2014-04-06T19:10:13.160Z,214826627,0
934,2014-04-06T19:10:54.245Z,214826955,0
929,2014-04-05T13:47:24.989Z,214716982,0
929,2014-04-05T13:48:23.447Z,214716928,0
929,2014-04-05T13:55:16.417Z,214826927,0
928,2014-04-03T00:05:08.153Z,214826803,0
928,2014-04-03T00:08:26.819Z,214839373,0
931,2014-04-02T19:01:45.563Z,214821377,0
931,2014-04-02T19:03:26.554Z,214821373,0
926,2014-04-07T06:07:34.363Z,214586711,0
926,2014-04-07T06:18:47.623Z,214716982,0
926,2014-04-07T06:19:08.899Z,214716967,0
926,2014-04-07T06:20:11.073Z,214717001,0
927,2014-04-03T21:38:27.288Z,214716973,0
927,2014-04-03T21:39:21.011Z,214716926,0
924,2014-04-03T19:28:29.407Z,214580094,0
924,2014-04-03T19:28:51.939Z,214596107,0
924,2014-04-03T19:29:04.923Z,214580094,0
924,2014-04-03T19:30:00.645Z,214596107,0
924,2014-04-03T19:30:43.089Z,214596326,0
924,2014-04-03T19:31:03.569Z,214596114,0
922,2014-04-04T16:44:36.612Z,214839995,0
922,2014-04-04T16:45:09.149Z,214840001,0
922,2014-04-04T16:45:35.252Z,214839995,0
923,2014-04-07T12:03:21.249Z,214821277,0
923,2014-04-07T12:03:28.471Z,214821277,0
923,2014-04-07T12:03:54.259Z,214826810,0
923,2014-04-07T12:05:29.291Z,214709685,0
923,2014-04-07T12:06:20.826Z,214706441,0
923,2014-04-07T12:06:24.870Z,214706441,0
923,2014-04-07T12:09:01.192Z,214709735,0
921,2014-04-06T17:12:09.556Z,214748334,0
921,2014-04-06T17:12:52.835Z,214717562,0
918,2014-04-01T08:11:05.128Z,214531372,0
918,2014-04-01T08:12:01.418Z,214531365,0
918,2014-04-01T08:12:32.362Z,214531365,0
919,2014-04-06T19:34:42.851Z,214833800,0
919,2014-04-06T19:35:09.911Z,214833802,0
919,2014-04-06T19:35:38.784Z,214587650,0
919,2014-04-06T19:35:57.425Z,214833802,0
919,2014-04-06T19:36:46.695Z,214826925,0
919,2014-04-06T19:38:23.276Z,214826619,0
916,2014-04-05T18:33:05.948Z,214710159,0
916,2014-04-05T18:34:15.245Z,214691188,0
916,2014-04-05T18:34:59.479Z,214688668,0
916,2014-04-05T18:35:42.187Z,214541548,0
917,2014-04-04T20:55:44.521Z,214586912,0
917,2014-04-04T20:56:01.759Z,214586912,0
914,2014-04-06T23:12:54.388Z,214710360,0
914,2014-04-06T23:13:17.047Z,214710328,0
914,2014-04-06T23:13:57.407Z,214678457,0
914,2014-04-06T23:14:12.791Z,214678526,0
914,2014-04-06T23:15:11.874Z,214692611,0
914,2014-04-06T23:18:58.140Z,214697310,0
914,2014-04-06T23:21:09.095Z,214587193,0
914,2014-04-06T23:21:53.498Z,214697885,0
914,2014-04-06T23:22:07.320Z,214537050,0
914,2014-04-06T23:23:59.059Z,214697203,0
914,2014-04-06T23:25:16.065Z,214697312,0
914,2014-04-06T23:25:31.347Z,214697325,0
914,2014-04-06T23:25:42.932Z,214697325,0
914,2014-04-06T23:25:44.376Z,214697364,0
914,2014-04-06T23:26:49.881Z,214646520,0
914,2014-04-06T23:28:45.772Z,214844357,0
914,2014-04-06T23:29:26.829Z,214821341,0
912,2014-04-06T14:04:11.235Z,214586923,0
912,2014-04-06T14:04:51.910Z,214630042,0
912,2014-04-06T14:05:59.316Z,214556840,0
912,2014-04-06T14:08:39.386Z,214826619,0
913,2014-04-06T18:26:56.433Z,214829285,0
913,2014-04-06T18:26:58.134Z,214829285,0
911,2014-04-02T15:00:59.465Z,214819385,0
911,2014-04-02T15:01:36.780Z,214717247,0
911,2014-04-02T15:01:59.762Z,214709996,0
909,2014-04-03T19:34:09.172Z,214743515,0
909,2014-04-03T19:37:41.154Z,214580413,0
908,2014-04-01T13:28:48.679Z,214716928,0
908,2014-04-01T13:29:41.769Z,214716973,0
907,2014-04-03T09:17:10.927Z,214826705,0
907,2014-04-03T09:19:01.734Z,214835940,0
906,2014-04-05T11:03:23.003Z,214840378,0
906,2014-04-05T11:06:30.231Z,214840378,0
906,2014-04-05T11:15:34.252Z,214839909,0
904,2014-04-03T10:30:58.923Z,214826619,0
904,2014-04-03T10:31:48.278Z,214826619,0
903,2014-04-06T12:13:58.200Z,214636505,0
903,2014-04-06T12:14:49.644Z,214829679,0
903,2014-04-06T12:15:17.451Z,214664767,0
903,2014-04-06T12:15:51.862Z,214601805,0
903,2014-04-06T12:16:50.972Z,214539845,0
903,2014-04-06T12:31:00.731Z,214829679,0
903,2014-04-06T12:33:10.489Z,214539845,0
902,2014-04-07T21:47:47.284Z,214702751,0
902,2014-04-07T21:48:07.624Z,214712342,0
901,2014-04-07T14:30:07.352Z,214829255,0
901,2014-04-07T14:31:20.356Z,214829252,0
899,2014-04-07T18:12:06.071Z,214710075,0
899,2014-04-07T18:29:52.087Z,214829257,0
899,2014-04-07T18:32:35.924Z,214710075,0
899,2014-04-07T18:34:10.349Z,214710075,0
898,2014-04-01T11:54:22.328Z,214594678,0
898,2014-04-01T11:55:25.399Z,214594680,0
898,2014-04-01T11:55:42.556Z,214594678,0
897,2014-04-05T08:38:05.869Z,214508287,0
897,2014-04-05T08:46:18.166Z,214571904,0
897,2014-04-05T08:46:52.746Z,214545879,0
896,2014-04-01T05:28:56.649Z,214717860,0
896,2014-04-01T05:29:02.764Z,214580413,0
896,2014-04-01T05:29:48.053Z,214652270,0
896,2014-04-01T05:30:25.776Z,214580413,0
1016,2014-04-06T16:30:05.372Z,214826801,0
1016,2014-04-06T16:32:17.011Z,214556840,0
1017,2014-04-06T08:36:29.252Z,214545928,0
1017,2014-04-06T08:37:33.759Z,214545928,0
1017,2014-04-06T08:37:39.076Z,214545928,0
1017,2014-04-06T08:38:17.794Z,214545928,0
1017,2014-04-06T08:38:22.697Z,214545928,0
1018,2014-04-07T05:53:32.390Z,214545928,0
1018,2014-04-07T06:53:25.926Z,214545928,0
1018,2014-04-07T06:53:36.483Z,214545928,0
1018,2014-04-07T07:05:21.948Z,214545928,0
1018,2014-04-07T07:05:35.579Z,214545928,0
1018,2014-04-07T07:06:00.023Z,214545928,0
1018,2014-04-07T07:06:18.529Z,214545928,0
1019,2014-04-05T05:32:48.425Z,214829312,0
1019,2014-04-05T05:34:45.091Z,214829312,0
1021,2014-04-01T11:35:05.879Z,214835900,0
1021,2014-04-01T11:38:39.805Z,214838462,0
1022,2014-04-07T09:11:57.719Z,214826705,0
1022,2014-04-07T09:12:51.445Z,214826705,0
1022,2014-04-07T09:14:02.587Z,214585397,0
1023,2014-04-02T20:25:27.077Z,214587384,0
1023,2014-04-02T20:30:47.699Z,214829737,0
1008,2014-04-06T09:34:28.561Z,214821300,0
1008,2014-04-06T09:35:38.265Z,214753515,0
1008,2014-04-06T09:37:58.585Z,214821307,0
1009,2014-04-05T19:22:45.061Z,214710309,0
1009,2014-04-05T19:26:46.582Z,214691557,0
1009,2014-04-05T19:28:03.547Z,214691557,0
1009,2014-04-05T19:28:13.048Z,214691557,0
1009,2014-04-05T19:28:45.797Z,214840342,0
1009,2014-04-05T19:30:26.228Z,214843479,0
1009,2014-04-05T19:32:09.196Z,214691351,0
1009,2014-04-05T19:35:42.534Z,214843517,0
1009,2014-04-05T19:37:34.173Z,214843517,0
1009,2014-04-05T19:38:08.757Z,214840952,0
1009,2014-04-05T19:39:26.217Z,214840952,0
1009,2014-04-05T19:40:22.612Z,214690768,0
1009,2014-04-05T19:41:24.071Z,214843980,0
1009,2014-04-05T19:42:25.342Z,214843980,0
1009,2014-04-05T19:42:50.322Z,214843905,0
1009,2014-04-05T19:43:03.903Z,214843905,0
1009,2014-04-05T19:43:26.294Z,214840828,0
1009,2014-04-05T19:44:37.120Z,214840828,0
1009,2014-04-05T19:45:05.243Z,214843970,0
1009,2014-04-05T19:46:48.066Z,214843920,0
1009,2014-04-05T19:47:33.722Z,214843920,0
1009,2014-04-05T19:47:53.889Z,214843378,0
1009,2014-04-05T19:48:57.589Z,214843378,0
1009,2014-04-05T19:50:14.452Z,214691422,0
1009,2014-04-05T19:51:20.566Z,214840760,0
1011,2014-04-01T09:33:32.591Z,214738445,0
1011,2014-04-01T09:36:00.510Z,214738445,0
1011,2014-04-01T09:38:36.837Z,214537867,0
1011,2014-04-01T09:41:48.779Z,214511402,0
1012,2014-04-01T20:07:11.066Z,214821392,0
1012,2014-04-01T20:09:57.579Z,214820383,0
1013,2014-04-07T17:28:45.563Z,214826702,0
1013,2014-04-07T17:30:56.307Z,214586923,0
1014,2014-04-07T20:21:44.669Z,214821275,0
1014,2014-04-07T20:29:15.550Z,214601462,0
1014,2014-04-07T20:30:01.348Z,214546121,0
1014,2014-04-07T20:32:18.749Z,214686086,0
1001,2014-04-05T16:10:42.354Z,214601460,0
1001,2014-04-05T16:43:07.965Z,214601462,0
1003,2014-04-01T18:31:30.663Z,214826955,0
1003,2014-04-01T18:31:52.861Z,214826623,0
1002,2014-04-06T07:55:06.252Z,214701819,0
1002,2014-04-06T07:56:41.287Z,214701819,0
1004,2014-04-01T20:28:07.599Z,214820345,0
1007,2014-04-07T10:30:28.446Z,214548418,0
1007,2014-04-07T10:32:34.808Z,214548418,0
1007,2014-04-07T10:38:26.381Z,214826705,0
1006,2014-04-03T16:44:53.578Z,214826810,0
1006,2014-04-03T16:46:21.560Z,214826810,0
1006,2014-04-03T16:50:21.694Z,214826627,0
1006,2014-04-03T16:51:52.747Z,214826835,0
1006,2014-04-03T16:55:34.898Z,214718246,0
1006,2014-04-03T17:05:02.650Z,214711290,0
1006,2014-04-03T17:06:46.796Z,214695412,0
1006,2014-04-03T17:09:31.345Z,214711087,0
1006,2014-04-03T17:10:23.717Z,214819410,0
1006,2014-04-03T17:12:55.090Z,214826606,0
993,2014-04-06T09:25:54.771Z,214510044,0
993,2014-04-06T09:28:03.356Z,214672963,0
992,2014-04-02T17:00:28.003Z,214840483,0
992,2014-04-02T17:02:41.029Z,214840483,0
992,2014-04-02T17:03:06.078Z,214840483,0
992,2014-04-02T17:03:50.432Z,214840483,0
992,2014-04-02T17:04:45.005Z,214840483,0
992,2014-04-02T17:10:32.406Z,214840483,0
994,2014-04-06T11:09:23.383Z,214826893,0
994,2014-04-06T11:10:13.887Z,214572234,0
997,2014-04-03T08:46:12.230Z,214821020,0
996,2014-04-07T12:59:47.573Z,214601407,0
996,2014-04-07T13:01:51.322Z,214826621,0
996,2014-04-07T13:03:39.450Z,214556025,0
996,2014-04-07T13:03:49.792Z,214675890,0
996,2014-04-07T13:04:15.395Z,214564380,0
996,2014-04-07T13:04:26.961Z,214826617,0
999,2014-04-04T13:52:49.504Z,214821020,0
998,2014-04-04T08:38:29.039Z,214821020,0
986,2014-04-01T18:15:47.900Z,214601805,0
986,2014-04-01T18:17:05.911Z,214601805,0
987,2014-04-04T08:47:02.046Z,214718160,0
987,2014-04-04T08:47:28.778Z,214821022,0
987,2014-04-04T08:47:43.900Z,214819547,0
987,2014-04-04T08:48:11.319Z,214561475,0
984,2014-04-02T15:02:28.540Z,214821339,0
984,2014-04-02T15:47:09.213Z,214821309,0
991,2014-04-01T10:21:05.032Z,214691293,0
991,2014-04-01T10:24:39.616Z,214691390,0
988,2014-04-01T09:06:27.153Z,214716935,0
988,2014-04-01T09:10:36.679Z,214716986,0
989,2014-04-01T19:09:55.169Z,214716935,0
989,2014-04-01T19:11:43.096Z,214716984,0
978,2014-04-02T07:19:14.090Z,214821020,0
978,2014-04-02T07:20:02.659Z,214819552,0
978,2014-04-02T07:20:27.134Z,214819552,0
978,2014-04-02T07:21:32.994Z,214684115,0
978,2014-04-02T07:25:24.201Z,214546102,0
978,2014-04-02T07:26:01.858Z,214840419,0
978,2014-04-02T07:27:18.360Z,214827030,0
978,2014-04-02T07:28:47.990Z,214746386,0
978,2014-04-02T07:29:42.715Z,214746386,0
978,2014-04-02T07:36:21.260Z,214829312,0
978,2014-04-02T07:37:07.365Z,214706216,0
978,2014-04-02T07:37:58.289Z,214601462,0
978,2014-04-02T07:38:44.731Z,214746386,0
979,2014-04-03T19:27:21.834Z,214718276,0
979,2014-04-03T19:28:00.910Z,214591515,0
976,2014-04-05T15:36:05.962Z,214532070,0
977,2014-04-02T15:25:10.579Z,214717222,0
977,2014-04-02T15:25:27.051Z,214717100,0
977,2014-04-02T15:26:02.091Z,214702552,0
977,2014-04-02T15:29:19.067Z,214661962,0
982,2014-04-04T19:42:49.970Z,214821013,0
982,2014-04-04T19:44:36.298Z,214547668,0
982,2014-04-04T19:46:17.980Z,214674568,0
982,2014-04-04T19:47:08.375Z,214547668,0
983,2014-04-06T16:55:11.728Z,214531007,0
983,2014-04-06T16:56:12.545Z,214538317,0
983,2014-04-06T16:57:19.142Z,214714586,0
983,2014-04-06T16:58:40.870Z,214707967,0
983,2014-04-06T17:01:00.994Z,214695309,0
981,2014-04-01T13:34:19.319Z,214819719,0
981,2014-04-01T13:36:49.633Z,214821022,0
971,2014-04-01T11:08:42.278Z,214821024,0
971,2014-04-01T11:09:10.994Z,214718160,0
971,2014-04-01T11:09:54.235Z,214718220,0
971,2014-04-01T11:10:25.737Z,214832559,0
971,2014-04-01T11:13:00.432Z,214699888,0
969,2014-04-07T05:15:57.291Z,214827009,0
969,2014-04-07T05:21:08.857Z,214820225,0
968,2014-04-06T17:28:08.984Z,214821022,0
968,2014-04-06T17:28:24.812Z,214821024,0
974,2014-04-06T13:43:17.899Z,214826900,0
974,2014-04-06T13:45:13.903Z,214826904,0
974,2014-04-06T13:45:46.219Z,214717410,0
973,2014-04-06T11:06:24.342Z,214826897,0
973,2014-04-06T11:14:46.779Z,214826897,0
972,2014-04-01T17:08:21.176Z,214832557,0
972,2014-04-01T17:10:18.982Z,214832559,0
972,2014-04-01T17:11:08.821Z,214819552,0
972,2014-04-01T17:12:03.305Z,214821024,0
963,2014-04-06T12:43:10.141Z,214531862,0
963,2014-04-06T12:43:11.138Z,214531862,0
962,2014-04-05T04:51:53.486Z,214553636,0
962,2014-04-05T04:52:41.809Z,214553636,0
961,2014-04-06T08:48:32.915Z,214586711,0
961,2014-04-06T08:52:25.762Z,214821313,0
961,2014-04-06T08:52:59.688Z,214821305,0
961,2014-04-06T08:53:51.696Z,214821341,0
961,2014-04-06T08:54:23.954Z,214821315,0
961,2014-04-06T08:59:14.010Z,214672963,0
967,2014-04-02T22:41:32.844Z,214546277,0
967,2014-04-02T22:42:28.992Z,214708151,0
967,2014-04-02T22:42:56.099Z,214588830,0
966,2014-04-01T16:09:41.856Z,214545935,0
966,2014-04-01T16:10:46.521Z,214545935,0
966,2014-04-01T16:37:23.257Z,214716982,0
966,2014-04-01T16:40:31.648Z,214716982,0
966,2014-04-01T16:42:55.597Z,214826878,0
964,2014-04-07T03:43:51.211Z,214531862,0
964,2014-04-07T03:43:53.207Z,214531862,0
1101,2014-04-02T17:53:17.110Z,214839313,0
1101,2014-04-02T17:57:43.386Z,214677701,0
1101,2014-04-02T18:03:53.268Z,214704182,0
1102,2014-04-02T19:27:21.581Z,214595893,0
1102,2014-04-02T19:28:08.694Z,214838923,0
1103,2014-04-01T20:36:08.949Z,214826953,0
1103,2014-04-01T20:45:16.259Z,214832559,0
1103,2014-04-01T20:45:50.620Z,214717888,0
1103,2014-04-01T20:49:39.306Z,214836761,0
1096,2014-04-01T11:15:44.616Z,214539845,0
1096,2014-04-01T11:24:26.528Z,214539832,0
1097,2014-04-02T21:31:20.799Z,214829741,0
1097,2014-04-02T21:32:13.405Z,214551892,0
1097,2014-04-02T21:32:52.711Z,214551892,0
1097,2014-04-02T21:33:52.373Z,214551892,0
1098,2014-04-02T21:13:18.541Z,214538278,0
1098,2014-04-02T21:16:04.594Z,214552543,0
1098,2014-04-02T21:19:55.424Z,214552494,0
1098,2014-04-02T21:20:13.491Z,214552490,0
1098,2014-04-02T21:22:00.418Z,214552545,0
1098,2014-04-02T22:01:18.785Z,214514709,0
1098,2014-04-02T22:02:06.014Z,214552562,0
1098,2014-04-02T22:02:18.964Z,214552524,0
1098,2014-04-02T22:03:14.446Z,214514709,0
1098,2014-04-02T22:03:24.262Z,214552524,0
1098,2014-04-02T22:03:35.126Z,214552517,0
1098,2014-04-02T22:06:10.324Z,214552625,0
1098,2014-04-02T22:06:16.170Z,214552517,0
1098,2014-04-02T22:06:27.835Z,214552498,0
1098,2014-04-02T22:07:01.238Z,214552494,0
1098,2014-04-02T22:07:35.359Z,214552490,0
1098,2014-04-02T22:08:14.858Z,214552498,0
1098,2014-04-02T22:08:21.099Z,214552517,0
1099,2014-04-04T18:14:13.665Z,214826835,0
1099,2014-04-04T18:15:03.568Z,214826955,0
1099,2014-04-04T18:15:48.748Z,214684734,0
1099,2014-04-04T18:16:52.740Z,214684734,0
1099,2014-04-04T18:18:06.742Z,214711087,0
1099,2014-04-04T18:19:12.304Z,214820184,0
1092,2014-04-04T10:31:36.148Z,214821024,0
1092,2014-04-04T10:32:19.252Z,214829285,0
1093,2014-04-06T17:40:15.924Z,214586711,0
1093,2014-04-06T17:40:45.180Z,214821309,0
1093,2014-04-06T17:43:18.417Z,214551617,0
1093,2014-04-06T17:44:19.469Z,214551617,0
1093,2014-04-06T17:45:41.488Z,214584962,0
1094,2014-04-06T20:05:06.211Z,214828987,0
1094,2014-04-06T20:05:07.755Z,214828987,0
1094,2014-04-06T20:05:37.420Z,214558192,0
1094,2014-04-06T20:05:38.968Z,214558192,0
1094,2014-04-06T20:05:53.239Z,214826912,0
1094,2014-04-06T20:05:54.742Z,214826912,0
1094,2014-04-06T20:06:14.442Z,214826912,0
1094,2014-04-06T20:06:15.881Z,214826912,0
1088,2014-04-02T10:22:15.465Z,214534704,0
1088,2014-04-02T10:25:39.484Z,214687685,0
1089,2014-04-07T18:45:49.286Z,214613743,0
1089,2014-04-07T18:50:15.204Z,214586610,0
1091,2014-04-01T05:28:43.570Z,214718216,0
1091,2014-04-01T05:33:19.838Z,214827020,0
1091,2014-04-01T05:36:53.556Z,214702877,0
1117,2014-04-01T13:26:36.753Z,214716984,0
1117,2014-04-01T13:28:45.428Z,214716937,0
1117,2014-04-01T13:29:19.984Z,214832657,0
1117,2014-04-01T13:30:31.042Z,214716965,0
1117,2014-04-01T13:48:45.353Z,214716965,0
1116,2014-04-07T14:22:15.434Z,214820227,0
1116,2014-04-07T14:32:59.689Z,214820261,0
1116,2014-04-07T14:35:24.464Z,214584907,0
1116,2014-04-07T14:38:22.382Z,214820261,0
1119,2014-04-02T18:47:56.557Z,214821037,0
1119,2014-04-02T18:51:14.149Z,214820456,0
1119,2014-04-02T18:52:27.967Z,214576500,0
1118,2014-04-02T15:30:11.344Z,214538477,0
1118,2014-04-02T15:31:52.938Z,214707977,0
1118,2014-04-02T15:34:22.276Z,214538467,0
1118,2014-04-02T15:38:31.723Z,214826917,0
1113,2014-04-01T11:41:02.265Z,214826625,0
1113,2014-04-01T11:41:02.847Z,214826900,0
1113,2014-04-01T11:46:22.268Z,214554277,0
1112,2014-04-07T15:41:20.230Z,214685820,0
1112,2014-04-07T15:45:36.963Z,214819410,0
1112,2014-04-07T15:46:34.215Z,214819410,0
1114,2014-04-01T18:03:44.389Z,214536697,0
1114,2014-04-01T18:06:37.184Z,214586983,0
1114,2014-04-01T18:19:07.823Z,214586983,0
1114,2014-04-01T18:20:27.073Z,214586983,0
1109,2014-04-04T05:25:53.463Z,214821020,0
1109,2014-04-04T05:25:55.297Z,214821020,0
1108,2014-04-07T11:12:42.547Z,214842281,0
1108,2014-04-07T11:13:40.266Z,214842268,0
1108,2014-04-07T11:14:52.979Z,214842380,0
1108,2014-04-07T11:21:16.233Z,214840760,0
1111,2014-04-07T13:31:01.192Z,214574147,0
1111,2014-04-07T13:32:13.639Z,214580302,0
1111,2014-04-07T13:35:14.296Z,214680422,0
1104,2014-04-02T19:34:05.486Z,214840378,0
1104,2014-04-02T19:34:41.089Z,214839313,0
1107,2014-04-02T14:32:39.244Z,214744779,0
1107,2014-04-02T14:33:02.810Z,214748287,0
1107,2014-04-02T14:41:35.625Z,214744528,0
1107,2014-04-02T15:09:04.255Z,214706171,0
1107,2014-04-02T15:15:01.821Z,214744528,0
1107,2014-04-02T15:19:06.029Z,214717880,0
1107,2014-04-02T15:19:22.885Z,214717880,0
1107,2014-04-02T15:29:54.661Z,214706102,0
1107,2014-04-02T15:32:32.031Z,214819721,0
1107,2014-04-02T15:32:57.601Z,214819721,0
1107,2014-04-02T15:34:07.904Z,214717847,0
1107,2014-04-02T15:34:40.379Z,214712130,0
1107,2014-04-02T15:36:45.608Z,214819430,0
1107,2014-04-02T15:37:41.181Z,214819430,0
1107,2014-04-02T15:39:03.030Z,214820402,0
1107,2014-04-02T15:40:16.421Z,214601233,0
1107,2014-04-02T15:45:22.877Z,214556345,0
1107,2014-04-02T15:45:53.583Z,214826932,0
1107,2014-04-02T15:46:59.296Z,214800268,0
1107,2014-04-02T15:59:32.535Z,214587163,0
1107,2014-04-02T16:00:43.230Z,214690747,0
1107,2014-04-02T16:01:14.755Z,214576890,0
1107,2014-04-02T16:01:42.478Z,214576890,0
1107,2014-04-02T16:31:26.540Z,214826619,0
1107,2014-04-02T16:31:46.177Z,214826619,0
1107,2014-04-02T16:32:59.916Z,214819382,0
1107,2014-04-02T16:34:17.098Z,214748336,0
1106,2014-04-01T19:16:42.913Z,214512431,0
1106,2014-04-01T19:16:57.466Z,214509084,0
1106,2014-04-01T19:17:45.631Z,214601805,0
1134,2014-04-05T19:46:07.902Z,214609370,0
1134,2014-04-05T20:26:07.405Z,214609370,0
1132,2014-04-04T11:18:38.807Z,214601805,0
1132,2014-04-04T11:19:15.030Z,214539845,0
1132,2014-04-04T11:19:57.139Z,214601805,0
1132,2014-04-04T11:20:39.442Z,214664767,0
1132,2014-04-04T11:21:23.742Z,214829679,0
1133,2014-04-05T18:17:28.832Z,214838473,0
1131,2014-04-07T18:44:12.666Z,214836448,0
1131,2014-04-07T18:46:13.782Z,214601407,0
1128,2014-04-04T06:50:47.193Z,214698581,0
1128,2014-04-04T06:51:41.620Z,214698577,0
1128,2014-04-04T06:52:24.631Z,214698581,0
1128,2014-04-04T06:52:47.491Z,214698577,0
1128,2014-04-04T06:53:00.412Z,214698581,0
1128,2014-04-04T07:11:18.367Z,214698577,0
1128,2014-04-04T07:14:14.488Z,214698581,0
1128,2014-04-04T07:16:33.845Z,214698581,0
1129,2014-04-03T18:09:33.850Z,214839371,0
1129,2014-04-03T18:09:57.527Z,214684513,0
1129,2014-04-03T18:09:58.990Z,214684513,0
1126,2014-04-03T18:55:48.300Z,214718169,0
1126,2014-04-03T18:56:13.813Z,214821015,0
1127,2014-04-07T13:09:28.521Z,214586923,0
1127,2014-04-07T13:13:05.785Z,214826627,0
1124,2014-04-06T16:08:25.915Z,214826816,0
1124,2014-04-06T16:08:49.335Z,214826705,0
1124,2014-04-06T16:10:04.700Z,214826705,0
1124,2014-04-06T16:10:16.388Z,214826816,0
1124,2014-04-06T16:11:26.391Z,214536962,0
1122,2014-04-01T12:08:05.821Z,214821024,0
1122,2014-04-01T12:08:58.220Z,214718160,0
1123,2014-04-07T06:10:16.926Z,214826803,0
1123,2014-04-07T06:20:52.604Z,214716924,0
1121,2014-04-06T17:12:27.770Z,214509830,0
1121,2014-04-06T17:12:56.537Z,214510738,0
1121,2014-04-06T17:16:45.659Z,214509830,0
1151,2014-04-02T11:52:04.510Z,214682717,0
1151,2014-04-02T12:50:35.107Z,214682717,0
1149,2014-04-06T11:54:16.387Z,214821305,0
1149,2014-04-06T11:54:17.904Z,214821305,0
1149,2014-04-06T11:55:52.955Z,214826837,0
1149,2014-04-06T11:55:54.581Z,214826837,0
1149,2014-04-06T11:57:03.566Z,214551626,0
1149,2014-04-06T11:57:04.586Z,214551626,0
1148,2014-04-07T12:19:52.985Z,214535621,0
1148,2014-04-07T12:24:02.557Z,214536320,0
1148,2014-04-07T12:26:26.316Z,214535621,0
1148,2014-04-07T12:29:58.799Z,214535621,0
1148,2014-04-07T12:30:14.762Z,214535621,0
1147,2014-04-06T08:14:27.830Z,214820240,0
1147,2014-04-06T08:15:09.095Z,214712402,0
1147,2014-04-06T08:18:35.668Z,214826927,0
1147,2014-04-06T08:19:35.229Z,214712402,0
1146,2014-04-05T17:18:51.676Z,214551617,0
1146,2014-04-05T17:19:49.734Z,214612920,0
1144,2014-04-03T12:52:25.282Z,214509082,0
1144,2014-04-03T12:52:47.453Z,214645835,0
1143,2014-04-04T14:05:34.382Z,214612695,0
1143,2014-04-04T14:06:35.277Z,214702787,0
1143,2014-04-04T14:07:49.202Z,214840382,0
1143,2014-04-04T14:08:08.495Z,214587898,0
1143,2014-04-04T14:12:20.385Z,214714597,0
1143,2014-04-04T14:14:13.420Z,214840378,0
1143,2014-04-04T14:15:20.697Z,214676010,0
1143,2014-04-04T14:15:46.292Z,214651556,0
1143,2014-04-04T14:24:34.698Z,214651552,0
1143,2014-04-04T14:25:19.424Z,214651610,0
1143,2014-04-04T14:25:59.894Z,214677285,0
1143,2014-04-04T14:26:21.233Z,214652407,0
1143,2014-04-04T14:27:11.588Z,214651582,0
1143,2014-04-04T14:28:13.704Z,214639592,0
1143,2014-04-04T14:30:24.709Z,214638566,0
1143,2014-04-04T14:32:34.105Z,214591680,0
1143,2014-04-04T14:33:01.611Z,214668534,0
1143,2014-04-04T14:34:01.655Z,214638566,0
1143,2014-04-04T14:34:57.766Z,214638958,0
1143,2014-04-04T14:37:26.871Z,214651582,0
1143,2014-04-04T14:39:07.668Z,214652960,0
1143,2014-04-04T14:41:58.290Z,214544840,0
1143,2014-04-04T14:43:11.528Z,214545005,0
1143,2014-04-04T14:45:01.093Z,214544840,0
1143,2014-04-04T14:46:25.889Z,214545032,0
1143,2014-04-04T14:47:22.683Z,214717070,0
1143,2014-04-04T14:48:10.063Z,214544355,0
1143,2014-04-04T14:48:45.694Z,214545005,0
1143,2014-04-04T14:49:26.608Z,214600989,0
1142,2014-04-03T19:12:08.880Z,214691390,0
1142,2014-04-03T19:12:25.957Z,214691428,0
1141,2014-04-07T15:43:09.592Z,214826816,0
1141,2014-04-07T15:43:23.995Z,214826816,0
1139,2014-04-05T08:07:12.683Z,214712235,0
1139,2014-04-05T08:07:32.651Z,214581489,0
1138,2014-04-03T11:43:27.413Z,214843492,0
1138,2014-04-03T11:45:24.616Z,214691587,0
1137,2014-04-02T21:29:21.137Z,214709634,0
1137,2014-04-02T21:31:44.633Z,214826810,0
1136,2014-04-02T18:39:42.047Z,214821020,0
1136,2014-04-02T18:40:36.717Z,214718160,0
1032,2014-04-02T13:34:43.646Z,214826705,0
1032,2014-04-02T13:35:06.549Z,214826810,0
1032,2014-04-02T13:35:18.690Z,214532070,0
1032,2014-04-02T13:36:09.600Z,214819490,0
1033,2014-04-03T19:54:13.399Z,214686086,0
1033,2014-04-03T19:54:34.056Z,214746386,0
1034,2014-04-01T15:00:00.381Z,214838308,0
1034,2014-04-01T15:02:37.033Z,214711805,0
1036,2014-04-01T07:09:25.719Z,214582387,0
1036,2014-04-01T07:13:01.191Z,214535621,0
1036,2014-04-01T07:17:26.485Z,214820842,0
1037,2014-04-06T18:37:16.719Z,214551617,0
1037,2014-04-06T18:37:44.208Z,214612721,0
1037,2014-04-06T18:41:41.020Z,214586711,0
1037,2014-04-06T18:42:36.356Z,214586711,0
1037,2014-04-06T18:43:12.283Z,214821305,0
1037,2014-04-06T18:44:26.119Z,214821309,0
1037,2014-04-06T18:45:15.337Z,214551630,0
1037,2014-04-06T18:47:18.020Z,214821302,0
1037,2014-04-06T18:47:47.347Z,214533026,0
1037,2014-04-06T18:49:11.446Z,214533026,0
1038,2014-04-01T13:45:53.656Z,214832550,0
1038,2014-04-01T13:46:44.243Z,214832550,0
1038,2014-04-01T13:48:24.143Z,214832550,0
1038,2014-04-01T13:48:57.754Z,214832550,0
1038,2014-04-01T13:49:07.870Z,214832550,0
1038,2014-04-01T13:50:33.055Z,214832550,0
1038,2014-04-01T13:50:45.926Z,214832550,0
1038,2014-04-01T13:51:08.161Z,214832550,0
1039,2014-04-06T19:26:19.244Z,214821339,0
1039,2014-04-06T19:32:39.642Z,214821339,0
1039,2014-04-06T19:33:04.566Z,214821315,0
1024,2014-04-07T20:47:55.285Z,214826955,0
1024,2014-04-07T20:49:41.262Z,214826955,0
1024,2014-04-07T20:50:04.083Z,214826955,0
1024,2014-04-07T20:50:40.337Z,214826835,0
1026,2014-04-06T11:58:33.341Z,214839313,0
1026,2014-04-06T11:58:34.495Z,214839313,0
1027,2014-04-02T19:34:03.583Z,214587384,0
1027,2014-04-02T19:34:56.829Z,214587028,0
1028,2014-04-07T10:54:13.124Z,214551913,0
1028,2014-04-07T10:56:45.529Z,214551913,0
1029,2014-04-07T22:36:43.657Z,214540635,0
1029,2014-04-07T22:41:30.133Z,214540635,0
1031,2014-04-07T13:22:22.453Z,214683960,0
1031,2014-04-07T13:22:54.145Z,214546059,0
1031,2014-04-07T13:24:42.250Z,214546059,0
1049,2014-04-01T06:44:14.226Z,214819721,0
1049,2014-04-01T06:48:53.355Z,214819745,0
1048,2014-04-04T19:18:25.907Z,214646608,0
1048,2014-04-04T19:18:40.383Z,214576950,0
1048,2014-04-04T19:19:19.756Z,214821315,0
1048,2014-04-04T19:19:46.766Z,214821305,0
1048,2014-04-04T19:20:23.668Z,214586711,0
1048,2014-04-04T19:23:54.618Z,214612723,0
1048,2014-04-04T19:24:10.705Z,214612723,0
1048,2014-04-04T19:25:14.535Z,214827062,0
1051,2014-04-05T13:59:55.216Z,214691390,0
1051,2014-04-05T14:00:11.124Z,214691293,0
1053,2014-04-04T05:48:36.831Z,214829130,0
1053,2014-04-04T05:55:49.797Z,214547608,0
1053,2014-04-04T05:56:31.768Z,214829130,0
1053,2014-04-04T05:56:38.579Z,214829068,0
1053,2014-04-04T05:57:47.927Z,214829130,0
1053,2014-04-04T05:58:06.046Z,214829068,0
1053,2014-04-04T05:58:40.909Z,214539405,0
1053,2014-04-04T05:58:55.330Z,214829068,0
1053,2014-04-04T06:03:24.819Z,214712544,0
1053,2014-04-04T06:09:11.693Z,214712544,0
1053,2014-04-04T06:09:26.267Z,214712537,0
1053,2014-04-04T06:09:40.787Z,214712544,0
1053,2014-04-04T06:10:40.874Z,214712544,0
1053,2014-04-04T06:23:35.702Z,214829130,0
1053,2014-04-04T06:23:59.091Z,214829291,0
1052,2014-04-04T07:39:50.050Z,214551890,0
1052,2014-04-04T07:48:51.968Z,214551890,0
1052,2014-04-04T07:53:24.798Z,214551890,0
1054,2014-04-07T19:23:26.662Z,214557755,0
1054,2014-04-07T19:25:08.034Z,214630016,0
1054,2014-04-07T19:27:34.134Z,214573241,0
1054,2014-04-07T19:28:42.765Z,214557755,0
1041,2014-04-07T09:49:48.186Z,214556840,0
1041,2014-04-07T09:49:48.192Z,214820842,0
1041,2014-04-07T10:22:27.223Z,214716461,0
1043,2014-04-07T18:00:25.142Z,214559563,0
1042,2014-04-07T15:03:11.508Z,214559563,0
1044,2014-04-01T18:44:56.048Z,214821017,0
1044,2014-04-01T18:47:07.331Z,214826702,0
1044,2014-04-01T18:48:32.086Z,214826897,0
1047,2014-04-06T17:24:54.027Z,214691426,0
1047,2014-04-06T17:25:41.150Z,214691267,0
1047,2014-04-06T17:26:38.406Z,214826893,0
1046,2014-04-04T06:00:01.920Z,214717507,0
1046,2014-04-04T06:00:37.211Z,214826829,0
1046,2014-04-04T06:02:30.898Z,214819468,0
1046,2014-04-04T06:03:20.222Z,214716937,0
1046,2014-04-04T06:04:08.987Z,214716939,0
1046,2014-04-04T06:10:04.560Z,214550366,0
1046,2014-04-04T06:12:19.385Z,214791682,0
1046,2014-04-04T06:13:57.659Z,214711322,0
1046,2014-04-04T06:14:22.802Z,214669899,0
1046,2014-04-04T06:14:42.711Z,214669790,0
1046,2014-04-04T06:15:34.685Z,214595994,0
1046,2014-04-04T06:16:28.538Z,214712681,0
1046,2014-04-04T06:17:58.954Z,214712844,0
1046,2014-04-04T06:18:27.396Z,214826833,0
1046,2014-04-04T06:24:20.049Z,214709666,0
1046,2014-04-04T06:25:01.861Z,214581551,0
1046,2014-04-04T06:26:28.576Z,214712137,0
1046,2014-04-04T06:26:43.105Z,214696997,0
1046,2014-04-04T06:27:26.958Z,214819762,0
1046,2014-04-04T06:27:47.782Z,214743335,0
1046,2014-04-04T06:28:28.515Z,214602802,0
1046,2014-04-04T06:29:07.748Z,214819719,0
1046,2014-04-04T06:30:52.428Z,214554431,0
1046,2014-04-04T06:31:45.850Z,214668270,0
1046,2014-04-04T06:32:47.231Z,214707883,0
1046,2014-04-04T06:34:50.887Z,214717003,0
1046,2014-04-04T06:35:39.281Z,214819468,0
1046,2014-04-04T06:37:39.648Z,214716937,0
1066,2014-04-07T20:09:14.457Z,214839905,0
1066,2014-04-07T20:12:12.627Z,214819685,0
1066,2014-04-07T20:17:43.387Z,214702749,0
1066,2014-04-07T20:32:05.223Z,214839902,0
1066,2014-04-07T20:38:50.726Z,214839902,0
1067,2014-04-03T19:37:55.426Z,214702839,0
1067,2014-04-03T19:38:26.896Z,214702839,0
1067,2014-04-03T19:40:42.195Z,214702839,0
1064,2014-04-06T17:10:38.407Z,214701242,0
1064,2014-04-06T17:11:11.652Z,214826816,0
1064,2014-04-06T17:11:40.847Z,214826705,0
1064,2014-04-06T17:13:28.675Z,214826700,0
1071,2014-04-03T08:25:26.456Z,214639305,0
1071,2014-04-03T08:25:42.490Z,214509084,0
1071,2014-04-03T08:25:58.366Z,214537967,0
1068,2014-04-06T06:17:14.953Z,214840415,0
1068,2014-04-06T06:18:56.549Z,214821307,0
1068,2014-04-06T06:21:03.303Z,214774682,0
1069,2014-04-01T05:23:16.749Z,214539206,0
1069,2014-04-01T05:24:48.204Z,214589711,0
1058,2014-04-04T05:57:52.672Z,214819550,0
1058,2014-04-04T05:58:48.945Z,214718167,0
1058,2014-04-04T05:59:21.921Z,214819550,0
1058,2014-04-04T06:00:18.006Z,214821015,0
1059,2014-04-01T22:56:46.427Z,214575311,0
1059,2014-04-01T23:01:02.419Z,214638624,0
1059,2014-04-01T23:01:37.626Z,214820317,0
1059,2014-04-01T23:02:12.206Z,214575311,0
1059,2014-04-01T23:06:47.320Z,214552610,0
1059,2014-04-01T23:08:09.543Z,214552580,0
1059,2014-04-01T23:14:04.721Z,214716958,0
1059,2014-04-01T23:14:39.039Z,214716960,0
1059,2014-04-01T23:18:57.619Z,214530369,0
1059,2014-04-01T23:22:25.904Z,214642982,0
1059,2014-04-01T23:24:34.534Z,214578645,0
1059,2014-04-01T23:25:22.758Z,214836142,0
1059,2014-04-01T23:25:38.546Z,214682289,0
1056,2014-04-05T19:49:23.873Z,214826955,0
1057,2014-04-06T18:04:41.377Z,214826955,0
1057,2014-04-06T18:05:59.587Z,214826955,0
1062,2014-04-06T08:33:48.894Z,214744530,0
1062,2014-04-06T08:34:18.886Z,214821309,0
1062,2014-04-06T08:34:55.593Z,214744530,0
1062,2014-04-06T08:37:18.047Z,214560170,0
1063,2014-04-07T05:29:49.371Z,214821305,0
1063,2014-04-07T05:30:26.737Z,214821305,0
1061,2014-04-05T21:35:54.152Z,214826816,0
1061,2014-04-05T21:36:05.675Z,214826955,0
1083,2014-04-06T19:53:13.806Z,214509084,0
1083,2014-04-06T19:53:57.725Z,214582387,0
1082,2014-04-03T19:05:49.032Z,214539845,0
1082,2014-04-03T19:15:22.823Z,214639305,0
1082,2014-04-03T19:15:53.572Z,214639303,0
1082,2014-04-03T19:16:45.083Z,214512431,0
1082,2014-04-03T19:17:46.893Z,214826780,0
1082,2014-04-03T19:19:13.640Z,214829679,0
1082,2014-04-03T19:19:46.838Z,214601805,0
1082,2014-04-03T19:20:37.573Z,214539845,0
1081,2014-04-07T11:18:54.244Z,214833800,0
1081,2014-04-07T11:19:53.919Z,214833802,0
1081,2014-04-07T11:20:12.601Z,214587650,0
1081,2014-04-07T11:23:03.826Z,214835585,0
1081,2014-04-07T11:23:33.840Z,214833802,0
1087,2014-04-06T15:14:37.829Z,214687685,0
1087,2014-04-06T15:15:17.981Z,214840412,0
1087,2014-04-06T15:15:54.345Z,214840419,0
1087,2014-04-06T15:16:22.300Z,214840419,0
1087,2014-04-06T15:16:28.858Z,214840417,0
1087,2014-04-06T15:16:38.701Z,214840417,0
1087,2014-04-06T15:16:44.135Z,214840417,0
1086,2014-04-06T12:56:39.630Z,214609442,0
1086,2014-04-06T12:57:27.247Z,214712488,0
1086,2014-04-06T12:57:48.949Z,214842298,0
1086,2014-04-06T12:58:06.287Z,214842300,0
1086,2014-04-06T12:58:33.064Z,214712488,0
1084,2014-04-05T14:07:06.109Z,214586595,0
1084,2014-04-05T14:34:54.543Z,214586595,0
1074,2014-04-01T09:59:20.543Z,214836761,0
1074,2014-04-01T09:59:21.762Z,214836761,0
1074,2014-04-01T10:00:46.529Z,214836761,0
1074,2014-04-01T10:00:48.540Z,214836761,0
1074,2014-04-01T10:01:04.030Z,214587864,0
1074,2014-04-01T10:01:05.759Z,214587864,0
1074,2014-04-01T10:03:03.641Z,214550863,0
1074,2014-04-01T10:03:04.687Z,214550863,0
1074,2014-04-01T10:03:49.591Z,214536317,0
1074,2014-04-01T10:03:51.905Z,214536317,0
1074,2014-04-01T10:04:46.407Z,214587864,0
1073,2014-04-07T08:41:21.071Z,214826702,0
1072,2014-04-04T11:53:03.932Z,214691426,0
1072,2014-04-04T11:53:58.969Z,214826625,0
1072,2014-04-04T11:54:33.008Z,214826799,0
1079,2014-04-06T19:03:10.035Z,214532070,0
1079,2014-04-06T19:03:53.919Z,214532072,0
1078,2014-04-06T19:40:59.633Z,214820842,0
1078,2014-04-06T19:41:44.898Z,214685795,0
1078,2014-04-06T19:44:19.063Z,214826803,0
1077,2014-04-03T12:53:10.007Z,214821022,0
1077,2014-04-03T12:54:58.763Z,214821024,0
1077,2014-04-03T12:55:44.517Z,214718160,0
1076,2014-04-06T18:25:01.001Z,214820413,0
1076,2014-04-06T18:27:06.064Z,214703790,0
1076,2014-04-06T18:38:30.327Z,214613743,0
1221,2014-04-06T17:15:35.010Z,214826608,0
1221,2014-04-06T17:15:57.829Z,214826705,0
1223,2014-04-07T07:39:06.035Z,214826801,0
1223,2014-04-07T07:39:13.461Z,214826801,0
1223,2014-04-07T07:40:05.214Z,214826627,0
1223,2014-04-07T07:41:16.743Z,214687685,0
1223,2014-04-07T07:43:21.003Z,214826837,0
1223,2014-04-07T07:45:51.924Z,214826908,0
1223,2014-04-07T07:46:09.879Z,214717286,0
1223,2014-04-07T07:47:04.252Z,214826872,0
1223,2014-04-07T07:48:08.878Z,214826619,0
1223,2014-04-07T07:48:45.081Z,214826619,0
1223,2014-04-07T07:50:06.689Z,214826998,0
1223,2014-04-07T07:50:20.840Z,214826998,0
1223,2014-04-07T07:54:52.083Z,214680716,0
1223,2014-04-07T07:56:15.945Z,214667921,0
1223,2014-04-07T07:56:48.949Z,214820400,0
1223,2014-04-07T07:57:25.972Z,214601233,0
1223,2014-04-07T07:59:37.556Z,214716667,0
1223,2014-04-07T08:00:34.194Z,214819376,0
1223,2014-04-07T08:53:21.111Z,214819562,0
1223,2014-04-07T08:53:50.397Z,214819562,0
1222,2014-04-03T14:44:28.518Z,214821024,0
1222,2014-04-03T14:45:42.767Z,214821017,0
1222,2014-04-03T14:46:03.251Z,214821024,0
1217,2014-04-06T17:27:00.690Z,214829312,0
1217,2014-04-06T17:29:46.460Z,214829312,0
1217,2014-04-06T17:31:26.504Z,214826705,0
1216,2014-04-06T21:01:33.252Z,214826835,0
1216,2014-04-06T21:03:25.257Z,214826810,0
1219,2014-04-06T19:53:30.137Z,214842450,0
1219,2014-04-06T19:54:10.480Z,214842450,0
1218,2014-04-03T15:17:53.566Z,214725508,0
1218,2014-04-03T15:18:18.792Z,214725508,0
1218,2014-04-03T15:18:32.364Z,214725508,0
1218,2014-04-03T15:19:01.430Z,214725508,0
1218,2014-04-03T15:21:27.183Z,214725508,0
1218,2014-04-03T15:21:49.699Z,214820231,0
1229,2014-04-05T14:05:27.426Z,214820966,0
1229,2014-04-05T14:06:17.488Z,214744577,0
1228,2014-04-03T15:52:06.509Z,214832557,0
1228,2014-04-03T15:53:15.593Z,214717888,0
1231,2014-04-05T15:45:40.864Z,214696556,0
1231,2014-04-05T15:46:46.437Z,214580372,0
1224,2014-04-07T13:55:29.110Z,214819562,0
1224,2014-04-07T13:57:58.476Z,214819562,0
1227,2014-04-01T09:08:41.737Z,214819721,0
1227,2014-04-01T09:08:43.671Z,214819721,0
1227,2014-04-01T09:11:15.449Z,214717247,0
1227,2014-04-01T09:11:17.143Z,214717247,0
1227,2014-04-01T09:11:52.386Z,214725532,0
1227,2014-04-01T09:11:53.766Z,214725532,0
1227,2014-04-01T09:12:14.575Z,214717247,0
1226,2014-04-03T08:01:47.295Z,214832559,0
1226,2014-04-03T08:03:51.352Z,214674487,0
1226,2014-04-03T08:04:35.686Z,214712107,0
1226,2014-04-03T08:19:32.766Z,214712107,0
1226,2014-04-03T08:20:56.588Z,214838503,0
1226,2014-04-03T08:29:21.258Z,214508942,0
1226,2014-04-03T08:32:17.957Z,214540963,0
1226,2014-04-03T08:32:38.863Z,214546110,0
1236,2014-04-07T16:44:20.017Z,214826927,0
1236,2014-04-07T16:44:30.942Z,214698420,0
1237,2014-04-03T17:44:28.491Z,214716924,0
1237,2014-04-03T17:47:48.965Z,214716924,0
1238,2014-04-06T13:21:17.604Z,214842450,0
1238,2014-04-06T13:24:24.645Z,214840775,0
1239,2014-04-01T17:09:07.066Z,214832557,0
1239,2014-04-01T17:10:24.636Z,214832557,0
1232,2014-04-03T20:52:30.807Z,214559672,0
1232,2014-04-03T20:55:53.498Z,214705119,0
1232,2014-04-03T20:57:15.056Z,214821024,0
1232,2014-04-03T20:57:37.043Z,214829282,0
1233,2014-04-06T12:21:44.411Z,214826801,0
1233,2014-04-06T12:22:39.613Z,214826799,0
1234,2014-04-06T18:29:42.686Z,214821300,0
1234,2014-04-06T18:30:02.060Z,214753515,0
1234,2014-04-06T18:30:17.805Z,214690110,0
1234,2014-04-06T18:30:29.441Z,214744775,0
1244,2014-04-04T16:30:07.845Z,214826606,0
1244,2014-04-04T16:30:18.585Z,214826799,0
1246,2014-04-03T20:14:59.151Z,214584920,0
1246,2014-04-03T20:15:49.975Z,214819552,0
1246,2014-04-03T20:16:33.416Z,214819547,0
1246,2014-04-03T20:16:57.753Z,214819552,0
1247,2014-04-07T17:39:14.925Z,214705659,0
1247,2014-04-07T17:40:49.004Z,214560077,0
1247,2014-04-07T17:48:16.921Z,214560077,0
1247,2014-04-07T17:49:09.699Z,214644716,0
1247,2014-04-07T17:49:36.781Z,214705659,0
1247,2014-04-07T17:51:52.464Z,214717738,0
1247,2014-04-07T17:53:57.314Z,214531517,0
1247,2014-04-07T17:54:21.596Z,214644716,0
1241,2014-04-06T10:45:44.665Z,214712537,0
1242,2014-04-07T08:24:40.083Z,214819777,0
1242,2014-04-07T08:26:39.248Z,214826750,0
1243,2014-04-02T21:27:17.178Z,214837890,0
1243,2014-04-02T21:27:26.804Z,214820233,0
1243,2014-04-02T21:59:49.534Z,214828867,0
1254,2014-04-04T11:54:32.830Z,214840378,0
1254,2014-04-04T12:02:59.859Z,214820814,0
1254,2014-04-04T12:05:20.376Z,214587935,0
1254,2014-04-04T12:06:02.845Z,214587935,0
1254,2014-04-04T12:07:36.316Z,214587898,0
1254,2014-04-04T12:07:59.321Z,214644915,0
1254,2014-04-04T12:08:13.995Z,214835255,0
1254,2014-04-04T12:08:43.858Z,214587898,0
1254,2014-04-04T12:09:11.564Z,214712062,0
1253,2014-04-02T15:09:02.096Z,214678526,0
1253,2014-04-02T15:13:50.583Z,214678526,0
1253,2014-04-02T15:14:12.878Z,214678526,0
1253,2014-04-02T15:14:45.445Z,214678526,0
1253,2014-04-02T15:23:28.510Z,214678526,0
1253,2014-04-02T15:23:35.389Z,214678526,0
1253,2014-04-02T15:24:42.361Z,214678526,0
1253,2014-04-02T15:24:49.523Z,214678526,0
1252,2014-04-01T07:19:52.677Z,214821028,0
1252,2014-04-01T07:21:12.616Z,214718220,0
1252,2014-04-01T07:21:28.121Z,214832559,0
1252,2014-04-01T07:21:52.109Z,214832557,0
1251,2014-04-01T15:06:12.328Z,214695540,0
1251,2014-04-01T15:10:29.116Z,214695540,0
1249,2014-04-07T22:29:35.616Z,214639335,0
1249,2014-04-07T22:30:16.721Z,214639342,0
1249,2014-04-07T22:30:39.291Z,214639333,0
1249,2014-04-07T22:32:21.705Z,214639348,0
1249,2014-04-07T22:34:06.289Z,214639346,0
1248,2014-04-07T21:07:37.922Z,214715111,0
1248,2014-04-07T21:08:24.780Z,214651065,0
1263,2014-04-03T12:50:33.011Z,214703906,0
1263,2014-04-03T12:50:45.341Z,214687982,0
1263,2014-04-03T12:50:58.624Z,214821373,0
1263,2014-04-03T12:51:24.580Z,214821373,0
1263,2014-04-03T12:51:41.638Z,214821377,0
1263,2014-04-03T12:52:01.594Z,214821373,0
1263,2014-04-03T12:52:19.344Z,214821373,0
1262,2014-04-03T09:32:50.213Z,214548885,0
1262,2014-04-03T09:34:52.597Z,214709792,0
1262,2014-04-03T09:36:18.869Z,214746339,0
1261,2014-04-06T14:26:25.298Z,214835042,0
1259,2014-04-06T19:09:23.666Z,214711297,0
1259,2014-04-06T19:11:34.226Z,214585395,0
1259,2014-04-06T19:12:24.545Z,214826835,0
1259,2014-04-06T19:19:10.968Z,214819745,0
1259,2014-04-06T19:19:49.122Z,214827015,0
1259,2014-04-06T19:21:15.547Z,214586711,0
1259,2014-04-06T19:21:46.032Z,214821339,0
1259,2014-04-06T19:22:47.855Z,214821341,0
1259,2014-04-06T19:24:06.461Z,214821315,0
1258,2014-04-05T10:25:29.867Z,214820199,0
1258,2014-04-05T10:26:06.794Z,214676019,0
1257,2014-04-03T13:36:57.080Z,214821386,0
1257,2014-04-03T13:36:58.511Z,214821386,0
1256,2014-04-01T10:03:37.028Z,214696434,0
1256,2014-04-01T10:10:34.313Z,214602240,0
1256,2014-04-01T10:14:21.212Z,214700623,0
1271,2014-04-03T16:29:23.387Z,214601233,0
1271,2014-04-03T16:29:25.769Z,214601233,0
1271,2014-04-03T16:29:59.850Z,214821017,0
1271,2014-04-03T16:30:01.704Z,214821017,0
1271,2014-04-03T16:36:05.774Z,214601233,0
1268,2014-04-03T13:41:34.956Z,214509013,0
1268,2014-04-03T13:42:31.662Z,214509000,0
1268,2014-04-03T13:43:01.214Z,214696434,0
1269,2014-04-03T11:03:55.706Z,214587384,0
1269,2014-04-03T11:04:06.131Z,214587384,0
1269,2014-04-03T11:04:31.597Z,214711661,0
1269,2014-04-03T11:05:06.223Z,214711661,0
1269,2014-04-03T11:05:17.265Z,214567410,0
1269,2014-04-03T11:06:39.463Z,214556210,0
1269,2014-04-03T11:07:19.378Z,214556210,0
1266,2014-04-04T18:27:51.034Z,214826829,0
1266,2014-04-04T18:28:16.478Z,214826889,0
1267,2014-04-02T19:37:46.470Z,214602605,0
1267,2014-04-02T19:37:49.260Z,214581489,0
1267,2014-04-02T19:37:53.423Z,214712235,0
1264,2014-04-06T19:13:23.033Z,214696631,0
1264,2014-04-06T19:14:08.240Z,214696631,0
1278,2014-04-02T18:45:39.559Z,214821277,0
1278,2014-04-02T18:46:48.181Z,214826955,0
1278,2014-04-02T18:47:16.367Z,214821277,0
1279,2014-04-02T06:27:29.460Z,214820814,0
1279,2014-04-02T06:28:43.160Z,214820814,0
1276,2014-04-06T16:23:19.853Z,214827030,0
1276,2014-04-06T16:26:19.337Z,214717331,0
1277,2014-04-05T22:53:03.604Z,214594678,0
1277,2014-04-05T22:54:06.812Z,214594678,0
1277,2014-04-05T22:55:30.285Z,214594678,0
1277,2014-04-05T22:55:37.076Z,214587613,0
1277,2014-04-05T22:55:40.621Z,214594678,0
1274,2014-04-03T05:23:52.890Z,214688668,0
1274,2014-04-03T05:27:05.644Z,214691117,0
1274,2014-04-03T05:27:34.836Z,214691117,0
1272,2014-04-06T06:18:01.796Z,214587446,0
1272,2014-04-06T06:19:48.275Z,214640415,0
1273,2014-04-01T05:58:54.874Z,214819721,0
1273,2014-04-01T06:01:09.612Z,214836761,0
1153,2014-04-03T19:20:56.888Z,214717005,0
1153,2014-04-03T19:21:59.323Z,214717007,0
1152,2014-04-03T08:25:35.668Z,214832559,0
1152,2014-04-03T08:25:53.234Z,214821017,0
1152,2014-04-03T08:26:45.861Z,214819552,0
1152,2014-04-03T08:31:09.305Z,214572234,0
1152,2014-04-03T08:32:40.085Z,214699888,0
1152,2014-04-03T08:36:21.879Z,214691390,0
1152,2014-04-03T08:36:35.257Z,214691426,0
1152,2014-04-03T08:36:45.150Z,214691428,0
1152,2014-04-03T08:38:13.614Z,214821279,0
1152,2014-04-03T08:41:38.549Z,214716935,0
1152,2014-04-03T08:42:08.033Z,214716932,0
1154,2014-04-06T07:15:33.229Z,214821313,0
1154,2014-04-06T07:18:19.170Z,214537496,0
1154,2014-04-06T07:21:06.960Z,214717331,0
1157,2014-04-04T16:52:40.868Z,214677493,0
1157,2014-04-04T16:53:02.256Z,214677457,0
1156,2014-04-05T05:26:48.481Z,214556822,0
1156,2014-04-05T05:28:05.462Z,214508563,0
1156,2014-04-05T05:29:34.264Z,214838045,0
1156,2014-04-05T05:31:37.601Z,214725551,0
1159,2014-04-01T16:04:32.247Z,214826705,0
1159,2014-04-01T16:05:44.942Z,214826705,0
1158,2014-04-01T17:58:36.895Z,214712126,0
1158,2014-04-01T18:07:30.525Z,214674487,0
1161,2014-04-05T16:17:36.152Z,214555005,0
1161,2014-04-05T16:17:41.364Z,214668122,0
1163,2014-04-02T04:01:53.631Z,214717003,0
1163,2014-04-02T04:02:43.504Z,214717003,0
1162,2014-04-04T05:10:58.349Z,214832559,0
1162,2014-04-04T05:11:36.407Z,214718203,0
1164,2014-04-02T20:46:06.772Z,214821037,0
1164,2014-04-02T20:48:51.554Z,214821037,0
1167,2014-04-06T12:56:47.911Z,214535006,0
1167,2014-04-06T12:57:17.838Z,214535038,0
1167,2014-04-06T12:58:26.513Z,214535006,0
1167,2014-04-06T12:59:12.061Z,214535038,0
1167,2014-04-06T13:00:24.195Z,214840762,0
1167,2014-04-06T13:02:21.887Z,214840762,0
1166,2014-04-06T17:54:01.512Z,214602821,0
1166,2014-04-06T17:55:22.907Z,214594644,0
1166,2014-04-06T17:56:22.483Z,214684513,0
1166,2014-04-06T17:57:16.366Z,214684513,0
1166,2014-04-06T17:58:53.506Z,214839373,0
1166,2014-04-06T18:03:37.194Z,214613902,0
1166,2014-04-06T19:00:03.596Z,214613685,0
1166,2014-04-06T19:02:23.820Z,214613900,0
1166,2014-04-06T19:03:49.490Z,214613895,0
1166,2014-04-06T19:04:20.142Z,214613904,0
1166,2014-04-06T19:04:34.668Z,214838996,0
1166,2014-04-06T19:05:06.719Z,214839000,0
1166,2014-04-06T19:05:54.481Z,214838992,0
1166,2014-04-06T19:06:15.107Z,214596206,0
1166,2014-04-06T19:06:45.782Z,214835308,0
1168,2014-04-01T21:13:41.818Z,214838503,0
1168,2014-04-01T21:14:10.252Z,214838503,0
1169,2014-04-06T06:48:50.999Z,214826908,0
1169,2014-04-06T06:49:13.226Z,214826908,0
1169,2014-04-06T06:49:44.853Z,214820392,0
1169,2014-04-06T06:50:30.045Z,214820392,0
1169,2014-04-06T06:50:54.521Z,214674487,0
1169,2014-04-06T06:51:37.072Z,214826908,0
1169,2014-04-06T06:52:06.222Z,214821300,0
1169,2014-04-06T06:53:12.955Z,214821300,0
1169,2014-04-06T06:53:41.079Z,214694156,0
1169,2014-04-06T06:55:04.081Z,214676962,0
1169,2014-04-06T06:55:43.821Z,214819374,0
1169,2014-04-06T06:56:16.718Z,214826617,0
1169,2014-04-06T06:56:39.017Z,214556025,0
1169,2014-04-06T06:57:03.980Z,214564380,0
1169,2014-04-06T06:58:04.572Z,214554765,0
1169,2014-04-06T06:58:18.547Z,214640017,0
1169,2014-04-06T06:59:29.002Z,214716902,0
1169,2014-04-06T07:00:16.303Z,214651423,0
1169,2014-04-06T07:00:38.387Z,214709666,0
1169,2014-04-06T07:00:58.922Z,214695285,0
1169,2014-04-06T07:02:01.218Z,214819382,0
1169,2014-04-06T07:03:05.412Z,214582948,0
1169,2014-04-06T07:03:40.295Z,214555262,0
1169,2014-04-06T07:04:52.459Z,214640017,0
1169,2014-04-06T07:05:46.440Z,214820392,0
1169,2014-04-06T07:05:58.881Z,214820392,0
1171,2014-04-01T13:10:07.058Z,214820231,0
1171,2014-04-01T13:10:19.147Z,214820231,0
1172,2014-04-01T15:13:33.122Z,214586983,0
1172,2014-04-01T15:18:33.490Z,214586983,0
1172,2014-04-01T15:20:13.327Z,214840762,0
1172,2014-04-01T15:20:46.623Z,214840762,0
1172,2014-04-01T15:20:47.857Z,214840762,0
1173,2014-04-06T15:04:33.979Z,214585395,0
1173,2014-04-06T15:06:10.995Z,214833800,0
1173,2014-04-06T15:14:19.280Z,214839834,0
1174,2014-04-01T13:04:15.299Z,214636777,0
1176,2014-04-05T17:30:55.302Z,214540597,0
1176,2014-04-05T17:49:15.487Z,214540597,0
1177,2014-04-03T07:01:05.998Z,214821022,0
1177,2014-04-03T07:01:32.081Z,214718160,0
1177,2014-04-03T07:06:36.284Z,214820942,0
1178,2014-04-01T09:59:06.243Z,214602583,0
1178,2014-04-01T10:00:27.055Z,214833789,0
1178,2014-04-01T10:04:57.063Z,214572230,0
1179,2014-04-06T10:37:11.342Z,214820441,0
1179,2014-04-06T10:40:58.715Z,214821309,0
1179,2014-04-06T10:42:24.019Z,214551626,0
1179,2014-04-06T10:45:37.470Z,214551617,0
1179,2014-04-06T11:09:47.431Z,214510044,0
1179,2014-04-06T11:12:00.189Z,214600502,0
1179,2014-04-06T11:13:25.873Z,214820439,0
1179,2014-04-06T11:14:26.729Z,214836748,0
1179,2014-04-06T11:15:38.457Z,214836782,0
1179,2014-04-06T11:16:25.046Z,214717325,0
1181,2014-04-02T17:52:12.089Z,214821022,0
1181,2014-04-02T17:52:37.284Z,214718169,0
1182,2014-04-02T17:28:02.146Z,214714903,0
1182,2014-04-02T17:28:46.348Z,214718304,0
1182,2014-04-02T17:33:16.191Z,214714603,0
1183,2014-04-07T03:41:37.677Z,214558192,0
1183,2014-04-07T03:46:23.632Z,214827007,0
1183,2014-04-07T03:46:48.241Z,214834865,0
1183,2014-04-07T03:47:12.569Z,214826925,0
1183,2014-04-07T03:47:50.827Z,214827000,0
1187,2014-04-06T09:19:12.730Z,214826715,0
1187,2014-04-06T09:20:06.702Z,214826606,0
1187,2014-04-06T09:20:47.565Z,214826606,0
1187,2014-04-06T09:22:04.163Z,214826606,0
1187,2014-04-06T09:22:55.776Z,214826606,0
1186,2014-04-06T13:18:25.443Z,214826700,0
1186,2014-04-06T13:19:04.995Z,214826623,0
1184,2014-04-05T10:22:04.929Z,214716932,0
1184,2014-04-05T10:36:05.379Z,214716932,0
1184,2014-04-05T10:40:40.669Z,214716973,0
1184,2014-04-05T10:43:54.523Z,214716971,0
1184,2014-04-05T10:44:35.494Z,214716937,0
1184,2014-04-05T10:46:41.745Z,214716973,0
1184,2014-04-05T10:52:13.950Z,214716973,0
1191,2014-04-05T08:20:59.755Z,214826897,0
1191,2014-04-05T08:23:03.485Z,214691587,0
1189,2014-04-06T20:56:41.921Z,214532072,0
1189,2014-04-06T20:56:59.162Z,214821285,0
1189,2014-04-06T20:59:15.104Z,214821275,0
1189,2014-04-06T21:07:43.014Z,214840762,0
1189,2014-04-06T21:09:42.831Z,214584907,0
1188,2014-04-05T12:54:14.597Z,214826829,0
1188,2014-04-05T12:54:43.892Z,214826627,0
1188,2014-04-05T12:56:12.388Z,214821279,0
1194,2014-04-06T10:39:11.563Z,214836388,0
1194,2014-04-06T10:44:31.670Z,214744779,0
1193,2014-04-07T06:46:48.502Z,214826617,0
1193,2014-04-07T06:47:09.660Z,214826612,0
1193,2014-04-07T06:47:35.453Z,214826615,0
1193,2014-04-07T06:47:47.307Z,214717877,0
1193,2014-04-07T06:49:26.136Z,214826621,0
1193,2014-04-07T06:50:45.177Z,214586711,0
1193,2014-04-07T06:51:08.040Z,214821307,0
1193,2014-04-07T06:51:37.838Z,214821341,0
1192,2014-04-07T09:54:21.206Z,214704180,0
1192,2014-04-07T09:57:53.618Z,214704180,0
1199,2014-04-01T15:41:26.658Z,214840762,0
1199,2014-04-01T15:42:09.743Z,214586983,0
1199,2014-04-01T15:42:20.879Z,214840762,0
1199,2014-04-01T15:42:29.176Z,214508942,0
1199,2014-04-01T15:44:44.583Z,214695326,0
1199,2014-04-01T15:45:56.611Z,214538201,0
1198,2014-04-03T08:41:52.765Z,214706432,0
1198,2014-04-03T08:42:36.855Z,214668596,0
1198,2014-04-03T08:43:41.257Z,214554131,0
1198,2014-04-03T08:47:10.875Z,214820218,0
1198,2014-04-03T09:03:06.129Z,214551930,0
1198,2014-04-03T09:08:15.036Z,214583852,0
1198,2014-04-03T09:10:14.247Z,214551930,0
1198,2014-04-03T09:14:07.661Z,214557270,0
1198,2014-04-03T09:14:28.408Z,214551930,0
1198,2014-04-03T09:20:37.765Z,214557270,0
1198,2014-04-03T09:24:31.062Z,214840558,0
1198,2014-04-03T09:25:25.612Z,214564687,0
1198,2014-04-03T09:25:41.428Z,214583852,0
1197,2014-04-03T06:34:41.021Z,214819599,0
1197,2014-04-03T06:35:58.780Z,214532072,0
1196,2014-04-01T16:07:59.723Z,214544820,0
1196,2014-04-01T16:08:43.762Z,214544846,0
1196,2014-04-01T16:09:18.493Z,214544846,0
1202,2014-04-07T09:54:23.556Z,214826705,0
1202,2014-04-07T09:54:50.430Z,214826897,0
1202,2014-04-07T09:57:59.111Z,214585652,0
1203,2014-04-03T21:40:56.572Z,214557581,0
1203,2014-04-03T21:44:35.062Z,214557581,0
1203,2014-04-03T21:47:10.247Z,214587390,0
1203,2014-04-03T21:53:08.259Z,214725551,0
1201,2014-04-06T08:29:25.428Z,214774685,0
1201,2014-04-06T08:30:27.419Z,214827020,0
1206,2014-04-02T19:32:12.253Z,214512416,0
1206,2014-04-02T19:38:06.155Z,214537972,0
1207,2014-04-02T19:56:36.017Z,214718160,0
1207,2014-04-02T19:57:28.309Z,214821037,0
1204,2014-04-03T20:12:18.057Z,214717003,0
1204,2014-04-03T20:14:34.697Z,214716937,0
1211,2014-04-05T16:43:16.987Z,214551892,0
1211,2014-04-05T16:52:29.152Z,214652462,0
1211,2014-04-05T16:52:40.710Z,214551892,0
1208,2014-04-04T09:50:53.878Z,214821277,0
1208,2014-04-04T09:51:35.934Z,214820231,0
1208,2014-04-04T09:54:54.111Z,214820231,0
1208,2014-04-04T09:54:54.167Z,214821277,0
1208,2014-04-04T09:55:31.577Z,214821277,0
1209,2014-04-02T06:34:17.840Z,214819719,0
1209,2014-04-02T06:34:40.948Z,214819719,0
1214,2014-04-01T15:13:25.567Z,214534736,0
1214,2014-04-01T15:13:39.912Z,214534736,0
1214,2014-04-01T15:13:55.379Z,214534736,0
1214,2014-04-01T15:14:24.570Z,214534736,0
1214,2014-04-01T15:18:37.808Z,214534736,0
1214,2014-04-01T15:20:23.048Z,214534736,0
1214,2014-04-01T15:24:22.681Z,214712113,0
1214,2014-04-01T15:25:36.677Z,214696980,0
1214,2014-04-01T15:29:24.885Z,214717089,0
1214,2014-04-01T15:30:19.423Z,214717089,0
1212,2014-04-05T09:54:58.732Z,214836332,0
1212,2014-04-05T10:40:32.301Z,214836431,0
1212,2014-04-05T10:41:20.208Z,214836427,0
1213,2014-04-04T11:09:58.745Z,214717005,0
1213,2014-04-04T11:11:38.271Z,214716984,0
1213,2014-04-04T11:21:18.835Z,214832653,0
1213,2014-04-04T11:21:42.564Z,214832657,0
1213,2014-04-04T11:22:07.009Z,214716986,0
1213,2014-04-04T11:22:52.525Z,214716984,0
1374,2014-04-03T06:48:12.195Z,214587384,0
1374,2014-04-03T06:49:01.318Z,214832557,0
1373,2014-04-03T20:48:01.906Z,214509752,0
1373,2014-04-03T20:48:11.562Z,214509752,0
1372,2014-04-06T07:00:22.544Z,214826615,0
1372,2014-04-06T07:00:43.215Z,214826615,0
1372,2014-04-06T07:00:55.259Z,214826615,0
1372,2014-04-06T07:01:36.319Z,214554982,0
1372,2014-04-06T07:02:37.056Z,214826621,0
1372,2014-04-06T07:02:47.598Z,214826621,0
1372,2014-04-06T07:03:16.478Z,214826619,0
1372,2014-04-06T07:03:30.025Z,214826619,0
1372,2014-04-06T07:03:39.541Z,214826619,0
1372,2014-04-06T07:03:45.996Z,214826617,0
1372,2014-04-06T07:03:54.505Z,214826617,0
1372,2014-04-06T07:04:10.564Z,214826617,0
1372,2014-04-06T07:04:31.714Z,214826617,0
1372,2014-04-06T07:04:52.052Z,214826621,0
1372,2014-04-06T07:05:17.596Z,214826621,0
1372,2014-04-06T07:06:01.230Z,214640017,0
1372,2014-04-06T07:06:20.072Z,214826837,0
1371,2014-04-07T06:36:29.920Z,214829017,0
1371,2014-04-07T06:37:38.084Z,214658156,0
1371,2014-04-07T06:40:29.462Z,214539362,0
1371,2014-04-07T06:41:19.746Z,214543592,0
1371,2014-04-07T06:43:10.267Z,214828948,0
1371,2014-04-07T06:43:47.841Z,214829055,0
1371,2014-04-07T06:44:49.924Z,214829015,0
1371,2014-04-07T06:45:22.528Z,214829023,0
1371,2014-04-07T06:45:41.437Z,214829017,0
1371,2014-04-07T06:46:09.803Z,214829010,0
1371,2014-04-07T06:46:35.321Z,214828957,0
1371,2014-04-07T06:46:53.253Z,214828955,0
1371,2014-04-07T06:47:27.836Z,214828946,0
1371,2014-04-07T06:47:40.360Z,214828944,0
1371,2014-04-07T06:48:23.655Z,214828935,0
1371,2014-04-07T06:49:18.021Z,214828922,0
1371,2014-04-07T06:50:35.670Z,214828914,0
1371,2014-04-07T06:50:59.806Z,214828910,0
1371,2014-04-07T06:51:20.860Z,214828899,0
1371,2014-04-07T06:51:53.839Z,214828897,0
1371,2014-04-07T06:52:23.248Z,214543513,0
1371,2014-04-07T06:52:55.363Z,214828895,0
1369,2014-04-06T23:07:04.652Z,214821292,0
1369,2014-04-06T23:07:27.408Z,214826799,0
1368,2014-04-06T07:53:22.350Z,214562021,0
1368,2014-04-06T08:01:02.296Z,214562021,0
1367,2014-04-02T07:53:35.098Z,214840415,0
1367,2014-04-02T07:53:35.120Z,214840417,0
1367,2014-04-02T07:53:37.932Z,214840412,0
1367,2014-04-02T07:54:05.197Z,214642031,0
1366,2014-04-01T16:17:07.099Z,214821024,0
1366,2014-04-01T16:18:30.530Z,214826608,0
1366,2014-04-01T16:19:38.946Z,214826608,0
1366,2014-04-01T16:20:54.037Z,214826801,0
1364,2014-04-06T14:16:20.868Z,214827022,0
1364,2014-04-06T14:22:26.842Z,214582387,0
1364,2014-04-06T14:24:53.389Z,214691484,0
1364,2014-04-06T14:26:17.664Z,214843916,0
1364,2014-04-06T14:27:25.336Z,214842433,0
1364,2014-04-06T14:28:11.864Z,214842410,0
1364,2014-04-06T14:28:35.213Z,214843980,0
1364,2014-04-06T14:29:55.141Z,214843903,0
1364,2014-04-06T14:30:33.429Z,214840877,0
1364,2014-04-06T14:31:49.151Z,214691415,0
1364,2014-04-06T14:33:55.613Z,214691338,0
1364,2014-04-06T14:34:59.418Z,214691336,0
1364,2014-04-06T14:38:22.632Z,214582387,0
1364,2014-04-06T14:40:12.667Z,214820246,0
1363,2014-04-05T08:41:44.689Z,214532072,0
1363,2014-04-05T08:42:52.815Z,214532070,0
1363,2014-04-05T08:44:02.265Z,214826810,0
1363,2014-04-05T08:44:21.736Z,214532072,0
1362,2014-04-05T12:04:17.293Z,214555537,0
1362,2014-04-05T12:05:04.389Z,214718203,0
1362,2014-04-05T12:08:54.966Z,214555537,0
1361,2014-04-03T09:52:32.990Z,214587898,0
1361,2014-04-03T09:54:39.051Z,214587898,0
1358,2014-04-06T14:51:51.007Z,214826803,0
1358,2014-04-06T14:53:30.006Z,214711297,0
1358,2014-04-06T15:05:24.288Z,214826801,0
1359,2014-04-02T19:06:31.559Z,214587305,0
1356,2014-04-01T18:51:57.651Z,214820450,0
1356,2014-04-01T18:54:41.436Z,214508942,0
1356,2014-04-01T18:55:01.092Z,214718272,0
1356,2014-04-01T18:55:50.564Z,214508942,0
1356,2014-04-01T18:56:08.833Z,214718270,0
1356,2014-04-01T18:56:33.044Z,214600132,0
1356,2014-04-01T18:58:27.271Z,214600134,0
1356,2014-04-01T18:58:51.222Z,214600132,0
1356,2014-04-01T18:58:59.537Z,214600132,0
1356,2014-04-01T18:59:16.630Z,214600132,0
1356,2014-04-01T18:59:23.121Z,214600132,0
1356,2014-04-01T18:59:50.882Z,214600132,0
1357,2014-04-07T05:58:45.354Z,214580094,0
1357,2014-04-07T05:58:49.454Z,214557530,0
1354,2014-04-05T14:55:33.985Z,214826953,0
1354,2014-04-05T14:56:22.780Z,214819526,0
1352,2014-04-05T09:25:52.268Z,214840762,0
1353,2014-04-05T11:25:18.283Z,214827030,0
1351,2014-04-02T05:28:33.220Z,214686086,0
1351,2014-04-02T05:29:17.716Z,214686086,0
1351,2014-04-02T05:29:36.203Z,214686086,0
1351,2014-04-02T05:29:47.111Z,214685795,0
1348,2014-04-06T17:24:19.131Z,214826810,0
1348,2014-04-06T17:34:25.432Z,214539845,0
1348,2014-04-06T17:35:22.425Z,214829679,0
1348,2014-04-06T17:36:24.724Z,214636505,0
1348,2014-04-06T17:37:26.359Z,214601805,0
1348,2014-04-06T17:38:25.932Z,214826780,0
1348,2014-04-06T17:40:08.987Z,214536868,0
1348,2014-04-06T17:40:21.780Z,214539825,0
1349,2014-04-03T16:52:26.382Z,214702828,0
1349,2014-04-03T16:57:47.202Z,214702826,0
1349,2014-04-03T16:58:21.271Z,214702824,0
1349,2014-04-03T16:59:23.461Z,214702826,0
1346,2014-04-01T18:54:58.323Z,214601040,0
1346,2014-04-01T19:19:17.805Z,214717003,0
1346,2014-04-01T19:20:48.134Z,214717003,0
1346,2014-04-01T19:23:34.623Z,214716984,0
1347,2014-04-06T19:09:59.533Z,214601042,0
1347,2014-04-06T19:10:13.869Z,214601040,0
1344,2014-04-07T09:44:13.065Z,214718409,0
1344,2014-04-07T09:45:08.718Z,214537899,0
1404,2014-04-05T10:09:43.158Z,214508563,0
1407,2014-04-06T10:04:17.225Z,214602579,0
1407,2014-04-06T10:07:00.325Z,214601668,0
1407,2014-04-06T10:09:55.588Z,214613645,0
1407,2014-04-06T10:13:56.424Z,214841006,0
1406,2014-04-05T11:27:51.917Z,214821272,0
1406,2014-04-05T11:31:32.433Z,214508563,0
1401,2014-04-04T09:22:14.709Z,214601040,0
1401,2014-04-04T09:23:20.039Z,214601042,0
1401,2014-04-04T09:24:05.291Z,214601040,0
1401,2014-04-04T09:26:38.676Z,214717007,0
1403,2014-04-02T20:09:38.045Z,214684093,0
1402,2014-04-04T08:48:47.661Z,214717003,0
1402,2014-04-04T08:49:49.241Z,214716984,0
1402,2014-04-04T08:52:59.489Z,214819408,0
1397,2014-04-07T15:25:21.835Z,214826705,0
1397,2014-04-07T15:30:15.110Z,214826816,0
1397,2014-04-07T15:37:05.820Z,214826705,0
1396,2014-04-06T18:51:20.785Z,214826912,0
1396,2014-04-06T18:51:52.023Z,214827005,0
1396,2014-04-06T18:52:24.708Z,214571188,0
1396,2014-04-06T18:52:54.336Z,214684841,0
1396,2014-04-06T18:54:55.198Z,214826606,0
1396,2014-04-06T18:56:37.077Z,214684841,0
1399,2014-04-07T15:41:50.843Z,214613893,0
1399,2014-04-07T15:45:01.947Z,214639305,0
1398,2014-04-05T08:46:58.380Z,214687642,0
1398,2014-04-05T08:50:08.677Z,214687642,0
1393,2014-04-07T19:20:19.400Z,214826816,0
1393,2014-04-07T19:20:58.265Z,214826816,0
1392,2014-04-07T06:52:24.222Z,214826799,0
1392,2014-04-07T06:53:09.206Z,214826900,0
1392,2014-04-07T07:10:26.448Z,214826799,0
1394,2014-04-03T12:19:02.657Z,214711277,0
1394,2014-04-03T12:20:52.882Z,214711277,0
1388,2014-04-07T09:25:52.268Z,214537925,0
1388,2014-04-07T09:27:07.220Z,214537967,0
1388,2014-04-07T09:29:21.413Z,214512425,0
1388,2014-04-07T09:31:31.896Z,214512425,0
1389,2014-04-02T10:36:53.937Z,214613649,0
1389,2014-04-02T10:37:42.068Z,214537978,0
1389,2014-04-02T10:38:05.303Z,214510074,0
1389,2014-04-02T10:38:23.023Z,214537978,0
1389,2014-04-02T10:38:32.391Z,214613649,0
1391,2014-04-06T18:49:13.578Z,214839313,0
1391,2014-04-06T18:49:24.639Z,214839313,0
1391,2014-04-06T18:50:28.963Z,214774685,0
1384,2014-04-01T10:30:05.079Z,214718377,0
1384,2014-04-01T10:30:42.470Z,214714586,0
1384,2014-04-01T10:33:22.995Z,214819740,0
1384,2014-04-01T10:33:42.045Z,214819472,0
1386,2014-04-04T15:09:21.330Z,214821290,0
1386,2014-04-04T15:14:53.746Z,214821277,0
1386,2014-04-04T15:16:26.189Z,214826702,0
1387,2014-04-07T05:47:18.981Z,214834865,0
1387,2014-04-07T05:47:58.845Z,214826925,0
1387,2014-04-07T05:48:57.853Z,214827000,0
1387,2014-04-07T05:49:02.832Z,214826925,0
1387,2014-04-07T05:49:45.555Z,214577518,0
1387,2014-04-07T05:58:08.043Z,214551617,0
1381,2014-04-02T16:41:47.083Z,214717003,0
1381,2014-04-02T16:42:16.620Z,214716945,0
1381,2014-04-02T16:42:58.506Z,214819468,0
1381,2014-04-02T16:43:30.955Z,214716939,0
1382,2014-04-05T02:29:59.402Z,214839373,0
1383,2014-04-05T05:26:13.545Z,214538469,0
1383,2014-04-05T05:37:32.051Z,214538467,0
1376,2014-04-05T15:53:24.051Z,214748293,0
1376,2014-04-05T15:54:02.088Z,214748300,0
1377,2014-04-03T13:53:48.842Z,214691426,0
1377,2014-04-03T13:54:49.946Z,214710902,0
1377,2014-04-03T13:55:11.671Z,214677386,0
1378,2014-04-06T11:36:25.140Z,214839313,0
1378,2014-04-06T11:39:43.210Z,214840001,0
1378,2014-04-06T11:40:29.227Z,214839995,0
1378,2014-04-06T11:40:50.158Z,214839313,0
1378,2014-04-06T11:41:26.203Z,214839313,0
1378,2014-04-06T11:42:04.162Z,214839999,0
1379,2014-04-04T11:26:03.436Z,214684093,0
1379,2014-04-04T11:31:04.149Z,214696982,0
1307,2014-04-03T08:42:22.555Z,214639288,0
1307,2014-04-03T08:44:02.581Z,214594751,0
1307,2014-04-03T08:45:06.578Z,214639226,0
1307,2014-04-03T08:45:49.403Z,214639295,0
1307,2014-04-03T08:46:36.360Z,214697657,0
1307,2014-04-03T08:47:08.416Z,214685840,0
1307,2014-04-03T08:47:27.394Z,214639228,0
1307,2014-04-03T08:49:58.954Z,214595057,0
1307,2014-04-03T08:50:25.617Z,214595068,0
1307,2014-04-03T08:50:47.043Z,214595075,0
1307,2014-04-03T08:51:01.618Z,214595077,0
1307,2014-04-03T08:51:26.289Z,214600828,0
1307,2014-04-03T08:51:38.853Z,214600832,0
1307,2014-04-03T08:51:57.643Z,214600847,0
1307,2014-04-03T08:52:18.610Z,214663858,0
1307,2014-04-03T08:52:43.152Z,214594747,0
1306,2014-04-07T17:46:34.155Z,214827007,0
1306,2014-04-07T17:48:48.450Z,214821300,0
1304,2014-04-07T19:41:43.807Z,214551626,0
1304,2014-04-07T20:01:09.301Z,214826801,0
1311,2014-04-04T18:18:54.177Z,214534241,0
1311,2014-04-04T18:22:21.395Z,214534241,0
1311,2014-04-04T18:25:59.490Z,214534241,0
1311,2014-04-04T18:31:34.556Z,214534241,0
1309,2014-04-01T20:04:18.575Z,214744530,0
1309,2014-04-01T20:04:24.644Z,214744530,0
1308,2014-04-05T16:24:27.586Z,214508942,0
1308,2014-04-05T16:24:29.396Z,214508942,0
1299,2014-04-02T15:26:43.204Z,214826799,0
1299,2014-04-02T15:27:08.984Z,214684513,0
1299,2014-04-02T15:27:52.076Z,214826799,0
1298,2014-04-02T15:28:30.267Z,214716926,0
1298,2014-04-02T15:31:00.540Z,214826799,0
1298,2014-04-02T15:31:17.705Z,214821277,0
1298,2014-04-02T15:31:49.203Z,214820201,0
1298,2014-04-02T15:33:35.048Z,214820201,0
1298,2014-04-02T15:33:53.176Z,214709690,0
1298,2014-04-02T15:35:32.735Z,214829737,0
1298,2014-04-02T15:37:00.118Z,214706441,0
1298,2014-04-02T15:39:44.733Z,214716937,0
1297,2014-04-02T11:43:41.119Z,214602384,0
1297,2014-04-02T11:43:50.684Z,214674401,0
1297,2014-04-02T11:44:06.957Z,214586432,0
1297,2014-04-02T11:44:26.497Z,214602740,0
1297,2014-04-02T11:45:17.522Z,214602806,0
1297,2014-04-02T11:46:13.566Z,214602740,0
1297,2014-04-02T11:48:10.559Z,214601233,0
1297,2014-04-02T11:49:13.936Z,214586469,0
1297,2014-04-02T11:49:34.379Z,214586469,0
1296,2014-04-07T12:17:10.314Z,214826897,0
1303,2014-04-04T17:01:44.017Z,214706460,0
1303,2014-04-04T17:03:34.210Z,214839313,0
1302,2014-04-02T12:05:27.190Z,214826801,0
1302,2014-04-02T12:07:41.346Z,214684513,0
1301,2014-04-07T17:45:10.791Z,214821279,0
1301,2014-04-07T17:49:08.044Z,214708367,0
1291,2014-04-02T11:30:02.096Z,214532072,0
1291,2014-04-02T11:30:18.005Z,214532070,0
1288,2014-04-04T13:00:34.073Z,214550863,0
1288,2014-04-04T13:08:55.910Z,214550863,0
1288,2014-04-04T13:09:59.311Z,214550863,0
1289,2014-04-03T08:50:20.623Z,214832557,0
1289,2014-04-03T08:50:40.908Z,214819547,0
1294,2014-04-02T19:27:43.080Z,214821020,0
1294,2014-04-02T19:29:10.647Z,214587384,0
1294,2014-04-02T19:31:23.592Z,214829282,0
1294,2014-04-02T19:32:31.236Z,214821020,0
1294,2014-04-02T19:33:44.742Z,214821017,0
1294,2014-04-02T19:36:54.936Z,214819552,0
1294,2014-04-02T19:38:03.027Z,214819547,0
1294,2014-04-02T19:41:20.863Z,214687685,0
1294,2014-04-02T19:43:23.877Z,214821017,0
1292,2014-04-01T06:24:13.047Z,214516012,0
1292,2014-04-01T06:24:21.827Z,214516012,0
1293,2014-04-04T08:27:39.812Z,214558331,0
1293,2014-04-04T08:29:00.096Z,214701307,0
1293,2014-04-04T08:30:07.067Z,214558331,0
1282,2014-04-01T10:42:45.201Z,214545808,0
1282,2014-04-01T10:43:20.140Z,214686097,0
1282,2014-04-01T10:44:01.460Z,214685882,0
1282,2014-04-01T10:44:57.765Z,214686532,0
1283,2014-04-06T20:29:21.661Z,214840378,0
1283,2014-04-06T20:31:05.720Z,214840378,0
1281,2014-04-03T16:12:32.438Z,214827030,0
1281,2014-04-03T16:13:56.271Z,214748285,0
1286,2014-04-02T19:09:36.818Z,214572182,0
1286,2014-04-02T19:10:58.840Z,214572234,0
1287,2014-04-02T19:02:43.455Z,214826705,0
1287,2014-04-02T19:03:27.241Z,214826705,0
1287,2014-04-02T19:05:48.105Z,214826705,0
1287,2014-04-02T19:05:59.311Z,214826705,0
1287,2014-04-02T19:10:26.044Z,214744530,0
1287,2014-04-02T19:12:15.960Z,214717003,0
1287,2014-04-02T19:15:13.563Z,214717005,0
1287,2014-04-02T19:17:43.238Z,214553730,0
1284,2014-04-02T21:59:12.535Z,214748304,0
1284,2014-04-02T21:59:51.349Z,214753505,0
1284,2014-04-02T22:00:43.364Z,214748291,0
1284,2014-04-02T22:01:02.705Z,214748295,0
1284,2014-04-02T22:01:57.471Z,214753505,0
1284,2014-04-02T22:03:41.429Z,214715900,0
1284,2014-04-02T22:04:25.287Z,214715902,0
1337,2014-04-05T07:08:55.052Z,214826780,0
1337,2014-04-05T07:10:35.887Z,214663648,0
1336,2014-04-02T01:18:38.732Z,214687839,0
1336,2014-04-02T01:19:35.152Z,214819723,0
1336,2014-04-02T01:21:15.069Z,214687839,0
1339,2014-04-01T14:56:02.366Z,214718216,0
1339,2014-04-01T14:56:36.642Z,214748285,0
1338,2014-04-03T18:26:43.491Z,214835143,0
1338,2014-04-03T18:27:26.921Z,214835143,0
1341,2014-04-06T12:15:14.349Z,214836765,0
1343,2014-04-07T09:58:59.049Z,214536502,0
1343,2014-04-07T10:06:44.959Z,214820441,0
1343,2014-04-07T10:08:13.259Z,214821290,0
1343,2014-04-07T10:12:40.629Z,214827015,0
1343,2014-04-07T10:15:21.935Z,214821309,0
1343,2014-04-07T10:15:45.479Z,214551617,0
1342,2014-04-06T21:02:24.287Z,214718216,0
1342,2014-04-06T21:03:05.015Z,214712126,0
1342,2014-04-06T21:03:24.523Z,214712126,0
1342,2014-04-06T21:04:36.449Z,214551617,0
1342,2014-04-06T21:04:56.990Z,214551617,0
1342,2014-04-06T21:05:42.044Z,214551617,0
1342,2014-04-06T21:06:28.667Z,214551617,0
1342,2014-04-06T21:09:20.135Z,214509084,0
1329,2014-04-05T01:39:35.764Z,214844297,0
1329,2014-04-05T01:43:59.704Z,214691332,0
1328,2014-04-05T20:33:38.034Z,214748302,0
1328,2014-04-05T20:35:06.394Z,214748302,0
1331,2014-04-06T17:11:17.071Z,214820201,0
1333,2014-04-06T12:31:07.834Z,214842298,0
1333,2014-04-06T12:31:45.392Z,214842300,0
1332,2014-04-06T10:02:53.195Z,214842300,0
1334,2014-04-01T09:57:13.945Z,214832670,0
1334,2014-04-01T10:33:21.306Z,214659013,0
1321,2014-04-01T17:29:15.312Z,214819378,0
1321,2014-04-01T17:31:53.076Z,214691396,0
1321,2014-04-01T17:34:05.734Z,214534704,0
1321,2014-04-01T17:37:12.645Z,214819378,0
1322,2014-04-05T04:44:31.999Z,214564693,0
1322,2014-04-05T04:53:30.652Z,214586874,0
1322,2014-04-05T04:53:39.734Z,214586876,0
1322,2014-04-05T04:54:22.984Z,214820261,0
1323,2014-04-01T10:07:37.915Z,214833802,0
1323,2014-04-01T10:12:32.587Z,214833802,0
1324,2014-04-05T00:42:07.297Z,214839864,0
1324,2014-04-05T00:42:28.659Z,214640424,0
1324,2014-04-05T00:42:48.362Z,214839864,0
1326,2014-04-06T08:43:39.272Z,214826816,0
1326,2014-04-06T08:52:08.904Z,214826829,0
1327,2014-04-07T11:37:10.875Z,214826897,0
1327,2014-04-07T11:40:43.090Z,214718210,0
1327,2014-04-07T11:41:17.342Z,214711280,0
1327,2014-04-07T11:43:47.846Z,214718199,0
1312,2014-04-02T20:18:35.947Z,214580094,0
1312,2014-04-02T20:23:22.891Z,214596502,0
1313,2014-04-07T21:39:44.468Z,214652885,0
1313,2014-04-07T21:41:58.903Z,214652885,0
1314,2014-04-06T14:22:26.050Z,214821309,0
1314,2014-04-06T14:25:25.435Z,214821339,0
1314,2014-04-06T14:26:24.924Z,214586711,0
1314,2014-04-06T14:28:14.153Z,214821305,0
1314,2014-04-06T14:29:14.674Z,214586711,0
1314,2014-04-06T14:31:16.540Z,214717331,0
1314,2014-04-06T14:31:41.107Z,214716982,0
1314,2014-04-06T14:32:46.069Z,214716971,0
1314,2014-04-06T14:36:35.677Z,214716984,0
1316,2014-04-02T12:26:17.653Z,214556270,0
1316,2014-04-02T12:28:56.753Z,214677877,0
1316,2014-04-02T12:29:55.573Z,214556270,0
1317,2014-04-04T19:06:59.594Z,214553561,0
1317,2014-04-04T19:07:48.681Z,214684843,0
1318,2014-04-01T20:48:05.455Z,214839313,0
1318,2014-04-01T20:48:06.804Z,214839313,0
1318,2014-04-01T20:51:29.340Z,214821272,0
1318,2014-04-01T20:51:31.126Z,214821272,0
1318,2014-04-01T20:53:13.486Z,214827030,0
1318,2014-04-01T20:53:14.930Z,214827030,0
1318,2014-04-01T21:08:08.869Z,214821272,0
1318,2014-04-01T21:08:11.733Z,214821272,0
1319,2014-04-03T22:08:43.643Z,214684721,0
1319,2014-04-03T22:10:55.504Z,214717824,0
1319,2014-04-03T22:14:08.220Z,214832657,0
1319,2014-04-03T22:17:55.909Z,214702787,0
1494,2014-04-03T20:56:14.305Z,214512425,0
1492,2014-04-02T20:05:56.148Z,214667912,0
1492,2014-04-02T20:06:34.192Z,214819378,0
1492,2014-04-02T20:07:21.344Z,214819380,0
1492,2014-04-02T20:07:42.663Z,214819719,0
1492,2014-04-02T20:08:02.523Z,214819464,0
1492,2014-04-02T20:09:04.305Z,214744779,0
1492,2014-04-02T20:10:07.025Z,214819380,0
1493,2014-04-02T19:02:29.689Z,214819468,0
1493,2014-04-02T19:02:41.499Z,214716973,0
1493,2014-04-02T19:05:35.824Z,214716971,0
1493,2014-04-02T19:05:39.462Z,214716937,0
1493,2014-04-02T19:09:16.111Z,214819468,0
1493,2014-04-02T19:10:02.004Z,214841006,0
1493,2014-04-02T19:11:04.942Z,214663942,0
1493,2014-04-02T19:11:38.069Z,214537967,0
1493,2014-04-02T19:12:10.942Z,214512425,0
1493,2014-04-02T19:24:35.364Z,214838370,0
1493,2014-04-02T19:25:33.559Z,214716932,0
1493,2014-04-02T19:26:36.024Z,214716977,0
1491,2014-04-06T16:29:46.654Z,214840419,0
1491,2014-04-06T16:30:11.493Z,214840415,0
1491,2014-04-06T16:31:36.099Z,214556488,0
1491,2014-04-06T16:33:53.036Z,214545917,0
1491,2014-04-06T16:35:10.210Z,214545845,0
1491,2014-04-06T16:36:02.607Z,214645211,0
1491,2014-04-06T16:37:04.897Z,214537967,0
1491,2014-04-06T16:37:39.436Z,214512416,0
1488,2014-04-06T12:22:33.567Z,214664767,0
1488,2014-04-06T12:23:25.807Z,214636505,0
1489,2014-04-04T13:56:23.200Z,214839313,0
1489,2014-04-04T14:00:52.929Z,214668287,0
1489,2014-04-04T14:02:18.832Z,214544492,0
1489,2014-04-04T14:02:44.284Z,214638590,0
1489,2014-04-04T14:04:21.064Z,214629125,0
1489,2014-04-04T14:06:32.833Z,214836555,0
1489,2014-04-04T14:08:22.363Z,214650508,0
1489,2014-04-04T14:09:35.156Z,214836542,0
1502,2014-04-06T09:28:28.527Z,214829312,0
1502,2014-04-06T09:39:06.747Z,214577612,0
1502,2014-04-06T09:40:50.446Z,214701242,0
1503,2014-04-05T19:55:29.994Z,214533050,0
1503,2014-04-05T19:55:37.791Z,214639192,0
1503,2014-04-05T19:56:47.612Z,214639192,0
1503,2014-04-05T19:57:09.525Z,214510712,0
1503,2014-04-05T19:57:17.306Z,214510712,0
1503,2014-04-05T19:58:34.024Z,214821296,0
1503,2014-04-05T19:59:06.969Z,214821296,0
1503,2014-04-05T20:02:39.621Z,214685792,0
1503,2014-04-05T20:04:26.797Z,214685792,0
1503,2014-04-05T20:07:59.155Z,214685422,0
1503,2014-04-05T20:08:15.839Z,214685754,0
1503,2014-04-05T20:09:01.220Z,214685792,0
1503,2014-04-05T20:09:06.336Z,214612940,0
1503,2014-04-05T20:09:27.805Z,214552385,0
1503,2014-04-05T20:09:42.393Z,214552382,0
1503,2014-04-05T20:10:22.670Z,214552382,0
1503,2014-04-05T20:12:29.845Z,214552382,0
1503,2014-04-05T20:12:52.901Z,214552382,0
1503,2014-04-05T20:13:02.525Z,214685792,0
1503,2014-04-05T20:24:02.867Z,214553735,0
1503,2014-04-05T20:28:15.469Z,214844312,0
1503,2014-04-05T20:28:39.693Z,214844312,0
1503,2014-04-05T20:29:37.415Z,214844023,0
1503,2014-04-05T20:30:18.800Z,214844023,0
1501,2014-04-04T14:02:22.592Z,214551692,0
1498,2014-04-02T16:16:11.653Z,214696987,0
1498,2014-04-02T16:17:37.301Z,214696987,0
1499,2014-04-03T19:26:12.870Z,214820201,0
1499,2014-04-03T19:27:36.313Z,214820842,0
1496,2014-04-06T13:18:54.281Z,214819509,0
1496,2014-04-06T13:18:57.998Z,214819509,0
1497,2014-04-05T10:26:47.274Z,214601233,0
1497,2014-04-05T10:27:05.085Z,214820345,0
1497,2014-04-05T10:28:34.422Z,214819760,0
1497,2014-04-05T10:29:27.313Z,214684843,0
1497,2014-04-05T10:29:44.786Z,214743335,0
1497,2014-04-05T10:29:56.223Z,214819760,0
1497,2014-04-05T10:30:39.780Z,214819760,0
1497,2014-04-05T10:30:53.514Z,214748336,0
1497,2014-04-05T10:31:43.886Z,214600492,0
1497,2014-04-05T10:32:02.125Z,214718117,0
1497,2014-04-05T10:32:13.956Z,214718385,0
1497,2014-04-05T10:32:35.174Z,214743369,0
1497,2014-04-05T10:34:01.412Z,214585695,0
1497,2014-04-05T10:35:37.589Z,214716667,0
1497,2014-04-05T10:36:08.400Z,214696997,0
1497,2014-04-05T10:36:20.349Z,214662737,0
1497,2014-04-05T10:36:36.667Z,214712137,0
1497,2014-04-05T10:37:35.694Z,214744775,0
1497,2014-04-05T10:39:13.842Z,214843646,0
1497,2014-04-05T10:40:28.236Z,214691336,0
1497,2014-04-05T10:40:46.613Z,214691332,0
1497,2014-04-05T10:41:49.757Z,214843916,0
1497,2014-04-05T10:42:52.058Z,214559317,0
1497,2014-04-05T10:46:35.953Z,214715094,0
1497,2014-04-05T10:49:08.808Z,214691456,0
1497,2014-04-05T10:49:25.073Z,214691456,0
1497,2014-04-05T10:50:08.555Z,214840869,0
1497,2014-04-05T10:52:12.747Z,214691645,0
1497,2014-04-05T10:52:47.073Z,214691632,0
1497,2014-04-05T10:53:02.342Z,214691630,0
1479,2014-04-01T09:38:02.690Z,214821026,0
1479,2014-04-01T09:38:35.749Z,214706432,0
1479,2014-04-01T09:38:51.797Z,214821028,0
1478,2014-04-06T15:51:25.082Z,214826608,0
1478,2014-04-06T15:53:01.059Z,214840573,0
1478,2014-04-06T15:54:10.810Z,214836069,0
1478,2014-04-06T15:55:30.973Z,214536941,0
1477,2014-04-05T20:53:06.452Z,214587763,0
1477,2014-04-05T20:53:47.821Z,214587765,0
1476,2014-04-03T14:48:42.864Z,214826810,0
1476,2014-04-03T14:50:33.484Z,214826810,0
1474,2014-04-06T19:20:26.501Z,214821277,0
1474,2014-04-06T19:20:39.968Z,214821292,0
1474,2014-04-06T19:21:43.713Z,214691293,0
1474,2014-04-06T19:22:44.743Z,214691293,0
1474,2014-04-06T19:23:01.260Z,214691267,0
1474,2014-04-06T19:23:44.255Z,214691390,0
1474,2014-04-06T19:24:35.397Z,214691426,0
1474,2014-04-06T19:24:58.628Z,214691366,0
1474,2014-04-06T19:25:15.396Z,214691426,0
1473,2014-04-07T11:18:57.298Z,214839313,0
1473,2014-04-07T11:23:59.199Z,214839313,0
1472,2014-04-03T07:54:57.494Z,214826702,0
1487,2014-04-07T12:08:34.984Z,214702787,0
1487,2014-04-07T12:08:34.987Z,214702787,0
1487,2014-04-07T12:10:01.461Z,214509084,0
1487,2014-04-07T12:10:02.199Z,214509084,0
1486,2014-04-06T07:40:18.978Z,214826619,0
1486,2014-04-06T07:40:35.355Z,214826617,0
1486,2014-04-06T07:41:37.325Z,214821300,0
1484,2014-04-01T22:03:37.112Z,214717860,0
1483,2014-04-01T15:59:34.030Z,214717860,0
1483,2014-04-01T16:01:26.408Z,214717860,0
1482,2014-04-03T17:32:37.489Z,214547042,0
1482,2014-04-03T17:33:36.526Z,214532567,0
1481,2014-04-06T20:46:00.540Z,214586923,0
1481,2014-04-06T20:46:02.427Z,214586923,0
1524,2014-04-03T11:37:40.772Z,214753513,0
1524,2014-04-03T11:38:13.250Z,214753513,0
1524,2014-04-03T11:38:25.510Z,214557416,0
1526,2014-04-07T10:30:09.908Z,214702749,0
1526,2014-04-07T10:31:09.969Z,214702796,0
1526,2014-04-07T10:33:34.778Z,214826747,0
1526,2014-04-07T10:34:48.224Z,214844357,0
1526,2014-04-07T10:37:28.871Z,214672976,0
1526,2014-04-07T10:56:10.074Z,214672976,0
1526,2014-04-07T10:57:32.593Z,214840447,0
1526,2014-04-07T10:59:35.514Z,214840445,0
1526,2014-04-07T11:00:11.596Z,214840447,0
1527,2014-04-04T11:44:15.322Z,214821386,0
1527,2014-04-04T11:44:21.456Z,214821386,0
1527,2014-04-04T11:45:01.362Z,214717046,0
1521,2014-04-02T05:22:14.074Z,214826893,0
1521,2014-04-02T05:22:17.584Z,214826955,0
1521,2014-04-02T05:23:12.588Z,214826955,0
1522,2014-04-07T20:12:37.651Z,214508557,0
1522,2014-04-07T20:18:28.825Z,214840935,0
1522,2014-04-07T20:18:58.111Z,214842437,0
1522,2014-04-07T20:21:10.184Z,214842437,0
1522,2014-04-07T20:21:23.373Z,214842446,0
1522,2014-04-07T20:23:08.987Z,214691597,0
1522,2014-04-07T20:25:25.712Z,214691563,0
1522,2014-04-07T20:26:26.762Z,214691563,0
1522,2014-04-07T20:31:00.296Z,214840940,0
1522,2014-04-07T20:33:31.625Z,214840940,0
1522,2014-04-07T20:33:48.624Z,214840942,0
1522,2014-04-07T20:33:53.520Z,214840942,0
1522,2014-04-07T20:35:48.100Z,214844100,0
1523,2014-04-02T18:08:22.528Z,214821022,0
1523,2014-04-02T18:12:00.129Z,214819719,0
1523,2014-04-02T18:13:51.659Z,214718169,0
1523,2014-04-02T18:14:34.249Z,214718169,0
1523,2014-04-02T18:15:51.748Z,214821022,0
1523,2014-04-02T18:16:30.557Z,214718169,0
1523,2014-04-02T18:17:07.551Z,214718169,0
1523,2014-04-02T18:17:41.289Z,214718169,0
1532,2014-04-05T14:11:59.139Z,214820842,0
1532,2014-04-05T14:17:03.175Z,214691293,0
1532,2014-04-05T14:17:39.380Z,214691390,0
1532,2014-04-05T14:21:38.386Z,214535621,0
1532,2014-04-05T14:22:27.550Z,214826803,0
1532,2014-04-05T14:22:48.075Z,214826801,0
1532,2014-04-05T14:23:02.593Z,214820383,0
1532,2014-04-05T14:23:16.725Z,214821285,0
1532,2014-04-05T14:25:22.882Z,214820383,0
1532,2014-04-05T14:25:37.311Z,214826801,0
1532,2014-04-05T14:27:05.322Z,214535621,0
1533,2014-04-04T07:02:10.166Z,214537535,0
1533,2014-04-04T07:07:59.691Z,214537535,0
1534,2014-04-03T22:08:20.986Z,214716935,0
1534,2014-04-03T22:09:56.998Z,214717007,0
1534,2014-04-03T22:11:10.215Z,214716935,0
1534,2014-04-03T22:11:51.291Z,214716930,0
1534,2014-04-03T22:13:51.465Z,214716930,0
1534,2014-04-03T22:17:52.949Z,214577450,0
1528,2014-04-04T18:57:31.708Z,214717860,0
1528,2014-04-04T18:58:37.101Z,214717860,0
1528,2014-04-04T18:59:34.506Z,214717860,0
1529,2014-04-06T11:59:55.830Z,214829310,0
1531,2014-04-04T19:30:28.588Z,214601040,0
1531,2014-04-04T19:30:53.110Z,214601040,0
1531,2014-04-04T19:31:41.453Z,214709587,0
1531,2014-04-04T19:37:12.302Z,214601040,0
1531,2014-04-04T19:39:21.824Z,214556861,0
1531,2014-04-04T19:39:48.617Z,214548103,0
1531,2014-04-04T19:42:24.060Z,214821296,0
1531,2014-04-04T19:42:27.953Z,214821296,0
1531,2014-04-04T19:47:51.521Z,214583846,0
1531,2014-04-04T19:48:05.362Z,214583846,0
1531,2014-04-04T19:48:28.048Z,214678807,0
1509,2014-04-05T08:27:41.656Z,214839373,0
1509,2014-04-05T08:30:03.435Z,214826816,0
